0.124973	0.140544	 0.14979	 0.15524	0.158621	0.160892	0.162552	0.163852	0.164921	0.165826	0.166603	 0.16727	 0.16784	0.168318	0.168708	0.169012	 0.16923	0.169365	0.169414	0.169379	0.169259	0.169052	0.168757	0.168371	 0.16789	0.167303	0.166594	0.165726	0.164622	 0.16312	0.160871	
0.0213858	0.0229805	0.0244262	0.0258516	0.0273188	0.0288562	0.0304761	0.0321827	0.0339763	0.035855	0.0378158	0.0398547	0.0419673	0.0441487	0.0463939	0.0486974	0.0510535	0.0534564	0.0558995	0.0583758	0.0608773	0.0633937	0.0659113	0.0684091	0.0708511	0.0731708	0.075236	0.0767748	0.0772261	0.0754919	0.0697596	
0.000676743	0.00219644	0.00614423	0.0143931	0.0279866	0.0458787	0.0654083	0.0838981	0.0996798	0.112151	0.121394	0.127807	0.131863	0.134007	0.134612	0.133979	0.132342	0.129888	0.126763	0.123082	0.118941	0.114418	0.109582	 0.10449	0.0991945	0.0937379	0.0881507	0.0824306	0.0764755	0.0698557	0.0611129	

0.175535	0.190066	0.198438	0.203382	0.206507	0.208657	0.210257	0.211524	0.212566	 0.21344	0.214177	0.214792	0.215296	0.215694	0.215988	0.216181	0.216272	0.216264	0.216154	0.215944	0.215632	0.215218	  0.2147	0.214077	0.213345	0.212498	0.211525	0.210404	0.209087	0.207476	0.205359	
0.0325088	0.0345363	0.0365624	0.0386496	0.0408253	  0.0431	0.0454764	0.0479528	0.0505256	0.0531901	0.0559406	0.0587713	0.0616757	0.0646473	0.0676795	0.0707652	0.0738976	0.0770692	0.0802726	0.0834997	0.0867414	0.089987	0.0932223	0.0964268	0.0995663	0.102579	0.105345	0.107616	0.108879	0.108084	0.103291	
0.00128768	0.00402276	0.0108416	0.0243992	0.0452932	0.0704822	0.0952727	0.116287	0.132306	0.143539	 0.15076	0.154814	0.156429	0.156176	0.154486	0.151679	0.147996	0.143617	0.138682	0.133303	 0.12757	 0.12156	 0.11534	0.108968	0.102499	0.0959839	0.0894657	0.0829777	0.0765206	0.0699924	0.0629474	

0.224076	0.236328	0.243342	0.247565	0.250316	0.252267	0.253754	0.254944	0.255923	0.256736	0.257406	0.257947	0.258365	0.258666	 0.25885	 0.25892	0.258875	0.258717	0.258444	0.258056	0.257553	0.256934	0.256198	0.255343	0.254368	0.253268	0.252035	0.250656	0.249103	0.247314	0.245163	
0.0454939	0.0481245	0.0508218	0.0536176	0.0565239	0.0595426	0.0626713	0.065905	0.0692376	0.072662	0.0761711	0.079757	0.0834122	0.0871285	0.0908982	0.0947131	0.0985653	0.102446	0.106348	0.110262	0.114179	0.118087	0.121973	0.125818	0.129592	0.133242	0.136667	 0.13966	0.141792	0.142169	0.139023	
0.00260466	0.00777753	0.019963	0.0423966	0.0734762	0.106275	0.134167	0.154546	0.167851	0.175569	0.179174	0.179815	0.178319	0.175262	0.171046	0.165958	0.160203	0.153935	0.147273	0.140312	0.133133	0.125804	0.118387	 0.11094	0.103515	0.096163	0.088933	0.0818673	0.0749954	0.0683075	0.0616652	

0.260322	0.269928	0.275503	0.278967	0.281311	 0.28303	0.284369	0.285451	 0.28634	 0.28707	0.287656	 0.28811	0.288436	0.288637	0.288715	0.288669	0.288502	0.288212	0.287799	0.287262	0.286602	0.285817	0.284906	0.283869	0.282703	0.281406	0.279975	0.278399	0.276665	0.274738	0.272548	
0.0569835	0.0600818	0.063294	0.0666274	0.0700815	0.0736517	0.0773317	0.081114	0.0849908	0.0889537	0.0929942	0.0971039	0.101274	0.105496	0.109762	0.114062	0.118389	0.122734	0.127088	0.131443	0.135789	0.140117	0.144414	0.148663	 0.15284	0.156902	 0.16077	0.164287	0.167126	0.168601	0.167306	
0.00538889	0.0152671	0.036684	0.0715247	0.112367	0.147974	0.172934	0.187898	0.195498	0.198111	0.197408	0.194472	0.189998	0.184436	0.178089	0.171164	0.163812	0.156147	0.148258	0.140221	0.132102	0.123959	0.115848	0.107819	0.0999248	0.0922127	0.0847304	0.0775228	0.0706303	0.0640811	0.0578676	

0.281919	0.289072	0.293346	0.296112	0.298063	 0.29954	0.300714	0.301669	0.302451	0.303082	0.303574	0.303934	0.304165	 0.30427	0.304248	0.304101	0.303828	0.303429	0.302904	0.302251	0.301471	0.300562	0.299524	0.298356	0.297055	 0.29562	0.294046	0.292325	0.290443	 0.28837	0.286041	
0.0654804	0.0689403	0.0725042	0.0761803	0.079968	0.0838626	0.0878572	0.0919441	0.096115	0.100361	0.104675	0.109046	0.113467	0.117929	0.122424	0.126942	0.131477	0.136019	 0.14056	0.145093	0.149608	0.154097	0.158548	0.162949	 0.16728	0.171509	0.175578	0.179375	0.182669	0.184976	0.185284	
0.0113098	0.0299533	0.0653676	 0.11267	0.156242	0.185937	 0.20219	0.209174	0.210437	0.208222	0.203841	0.198061	0.191343	0.183978	0.176157	0.168015	0.159653	0.151151	0.142574	0.133983	 0.12543	0.116966	 0.10864	  0.1005	0.0925917	0.0849595	0.0776474	0.0706963	0.0641429	0.0580126	0.0523001	

0.291748	0.296924	0.300144	0.302327	0.303929	0.305176	0.306181	   0.307	0.307663	0.308186	0.308575	0.308836	 0.30897	0.308979	0.308863	0.308622	0.308255	0.307762	0.307143	0.306397	0.305524	0.304521	 0.30339	0.302128	0.300734	0.299206	 0.29754	 0.29573	0.293762	0.291611	0.289222	
0.0719793	0.0755881	0.0793191	0.0831638	0.0871141	0.0911613	0.0952971	0.0995127	  0.1038	0.108149	0.112554	0.117004	0.121491	0.126008	0.130547	0.135099	0.139657	0.144213	 0.14876	 0.15329	0.157796	0.162269	0.166701	 0.17108	0.175392	0.179613	0.183704	0.187588	0.191108	0.193942	0.195411	
0.0228769	0.0550837	0.104807	0.155133	0.189698	0.207331	0.213738	0.213784	0.210305	0.204807	0.198095	0.190614	 0.18263	0.174311	0.165772	0.157097	0.148355	0.139604	0.130894	0.122276	0.113793	0.105491	0.0974135	0.0896022	0.082099	0.0749441	0.0681767	0.061834	0.0559515	0.0505622	0.0456966	

 0.29368	0.297239	0.299581	0.301258	0.302542	0.303568	0.304402	 0.30508	0.305617	0.306025	0.306306	0.306464	  0.3065	0.306413	0.306205	0.305874	 0.30542	0.304843	0.304142	0.303317	0.302367	0.301291	0.300088	 0.29876	0.297303	0.295719	0.294006	0.292165	0.290193	0.288092	0.285861	
0.0771739	0.080895	0.0847215	0.0886453	0.0926584	0.0967527	 0.10092	0.105153	0.109442	 0.11378	 0.11816	0.122572	0.127011	0.131468	0.135935	0.140407	0.144875	0.149333	0.153775	0.158192	 0.16258	 0.16693	0.171236	0.175489	0.179678	0.183787	 0.18779	0.191639	0.195239	0.198395	0.200696	
0.0426888	0.0898318	0.144443	0.184389	0.204352	 0.21086	  0.2102	  0.2059	0.199691	0.192421	0.184526	 0.17625	0.167739	0.159093	0.150383	0.141669	0.133001	0.124424	0.115982	0.107715	0.099665	 0.09187	0.0843688	0.0771986	0.0703954	0.0639939	0.0580269	0.0525251	0.047517	0.0430284	0.0390821	

0.289343	0.291942	0.293735	0.295069	0.296115	0.296958	 0.29764	0.298184	0.298599	0.298892	0.299066	0.299121	0.299059	0.298878	 0.29858	0.298164	0.297629	0.296974	0.296199	0.295304	0.294288	0.293151	0.291891	0.290508	0.289003	0.287373	 0.28562	0.283741	0.281738	 0.27961	0.277356	
0.080745	0.0844743	0.0882912	0.0921883	0.0961582	0.100193	0.104286	 0.10843	0.112616	0.116839	 0.12109	0.125364	0.129652	0.133949	0.138248	0.142543	0.146826	0.151093	0.155338	0.159553	0.163735	0.167876	0.171971	0.176012	0.179992	0.183898	0.187713	0.191405	0.194913	0.198111	0.200742	
0.0691735	  0.1235	0.168935	0.192955	0.200872	0.200339	0.195797	0.189326	0.181875	0.173898	0.165629	0.157204	 0.14871	0.140212	 0.13176	  0.1234	0.115172	0.107115	0.0992651	0.0916591	0.0843315	0.0773163	0.070646	0.0643521	0.0584641	0.0530101	0.0480157	0.0435045	0.0394974	0.0360124	0.033065	

0.281048	0.282934	0.284298	0.285348	0.286184	0.286859	0.287396	0.287809	0.288104	0.288285	0.288353	0.288309	0.288152	0.287883	0.287501	0.287005	0.286396	0.285673	0.284834	0.283881	0.282811	0.281625	0.280322	0.278901	0.277363	0.275706	0.273931	0.272037	0.270024	0.267891	0.265639	
0.0838765	0.0875441	0.0912821	0.0950837	0.0989421	0.102851	0.106803	0.110793	0.114813	0.118857	0.122919	0.126993	0.131074	0.135154	0.139228	0.143291	0.147338	0.151363	 0.15536	0.159325	0.163253	0.167139	0.170977	0.174762	0.178488	0.182146	0.185724	0.189202	0.192541	0.195666	0.198421	
0.0943867	0.143669	0.173972	0.185347	0.186115	0.181994	0.175688	0.168371	0.160566	0.152525	0.144384	0.136226	0.128111	0.120086	0.112189	0.104459	0.0969289	0.0896319	0.0825995	0.0758621	0.069449	0.0633879	0.0577053	0.0524259	0.0475726	0.0431661	0.0392249	0.0357652	0.0328005	0.0303418	0.0283972	

 0.27023	0.271661	0.272727	0.273557	0.274217	0.274739	0.275139	0.275427	0.275605	0.275675	0.275639	0.275497	0.275248	0.274892	 0.27443	0.273859	 0.27318	0.272393	0.271497	0.270491	0.269375	0.268148	 0.26681	0.265362	0.263801	0.262129	0.260344	0.258448	0.256438	0.254316	0.252082	
0.0862694	0.0898146	0.0934144	0.0970629	0.100754	0.104482	0.108241	0.112026	 0.11583	0.119648	0.123476	0.127307	0.131136	0.134958	0.138769	0.142563	0.146336	0.150084	0.153801	0.157483	0.161126	0.164727	0.168279	 0.17178	0.175223	0.178603	 0.18191	 0.18513	0.188238	0.191185	0.193871	
0.110109	0.147481	0.164853	0.168527	0.165645	0.159948	0.153049	0.145628	 0.13799	0.130287	0.122605	0.115002	0.107522	  0.1002	0.0930701	0.0861622	0.0795049	0.0731254	0.0670496	0.0613021	0.055906	0.0508828	0.0462525	0.0420329	0.0382403	0.0348884	0.031989	0.0295516	0.0275833	0.0260886	0.0250701	

0.258242	0.259237	0.260013	 0.26063	0.261118	0.261493	0.261763	 0.26193	0.261997	0.261963	0.261831	0.261598	0.261265	0.260831	0.260296	 0.25966	0.258921	 0.25808	0.257137	0.256089	0.254938	0.253683	0.252324	 0.25086	0.249291	0.247617	0.245838	0.243953	0.241963	0.239868	0.237667	
0.0877176	0.0910955	0.0945143	0.0979687	0.101454	0.104964	0.108495	0.112042	0.115599	0.119163	0.122728	 0.12629	0.129844	0.133386	0.136913	0.140419	  0.1439	0.147353	0.150775	 0.15416	0.157506	0.160809	0.164065	0.167271	0.170423	0.173516	0.176544	0.179501	0.182371	0.185132	0.187734	
0.114487	0.139549	0.148087	0.147483	0.142892	0.136678	0.129817	0.122719	 0.11557	0.108469	0.101475	0.0946292	0.0879654	0.0815124	0.0752967	0.0693425	0.0636726	0.0583084	0.0532696	0.0485747	0.0442406	0.0402824	0.0367135	0.0335456	0.0307884	0.0284496	0.026535	0.0250484	0.0239914	0.0233639	0.0231637	

 0.24617	0.246983	  0.2476	0.248072	0.248426	0.248674	0.248822	0.248875	0.248834	0.248698	0.248468	0.248144	0.247726	0.247213	0.246605	0.245902	0.245102	0.244206	0.243214	0.242124	0.240937	0.239653	0.238271	0.236791	0.235213	0.233536	0.231762	0.229889	0.227918	0.225849	0.223683	
0.0898522	0.0930687	0.0963142	0.0995843	0.102874	 0.10618	0.109498	0.112822	 0.11615	0.119476	0.122797	0.126109	0.129408	0.132691	0.135953	0.139192	0.142403	0.145583	0.148729	0.151838	0.154907	0.157932	 0.16091	0.163838	0.166713	 0.16953	0.172286	0.174972	0.177577	 0.18008	 0.18244	
0.108195	0.122625	0.125309	0.122374	0.117164	0.111095	 0.10474	0.0983405	0.0920095	0.0858093	0.0797794	0.073949	0.0683424	0.0629804	0.057882	0.0530644	0.0485432	0.0443329	0.0404464	0.0368951	0.033689	0.0308367	0.0283451	0.0262196	0.0244642	0.023081	0.0220707	0.0214326	0.0211644	0.0212623	0.0217211	

0.231773	0.232464	0.232972	0.233344	0.233605	0.233767	0.233837	0.233817	0.233708	0.233512	0.233229	0.232858	0.232398	0.231851	0.231214	0.230489	0.229674	 0.22877	0.227775	0.226691	0.225515	0.224249	0.222892	0.221444	0.219905	0.218275	0.216554	0.214741	0.212838	0.210844	 0.20876	
0.0911232	0.094158	0.0972122	0.100282	0.103363	0.106452	0.109545	0.112639	 0.11573	0.118814	0.121888	0.124948	0.127992	0.131016	0.134016	0.136991	0.139936	0.142849	0.145727	0.148567	0.151367	0.154123	0.156833	0.159495	0.162104	0.164658	0.167152	0.169579	0.171928	0.174179	0.176294	
0.101978	0.110696	0.110735	0.106932	0.101645	0.0958441	0.089919	0.0840383	0.0782836	0.0727014	0.0673228	0.0621718	0.0572683	0.0526296	0.0482714	0.0442076	0.0404507	0.0370119	0.0339006	0.0311252	0.0286922	0.0266071	0.0248735	0.0234936	0.0224683	0.0217969	0.0214774	0.0215062	0.0218788	0.022589	0.0236299	

0.220911	0.221273	0.221558	0.221765	0.221894	0.221945	0.221917	0.221808	 0.22162	0.221351	0.221001	0.220569	0.220055	0.219458	0.218779	0.218017	0.217171	0.216241	0.215227	0.214129	0.212946	0.211678	0.210326	0.208889	0.207368	0.205761	 0.20407	0.202294	0.200434	 0.19849	0.196462	
0.0911644	0.0939872	0.096822	0.0996654	0.102514	0.105365	0.108215	0.111061	  0.1139	0.116728	0.119544	0.122343	0.125124	0.127884	0.130619	0.133327	0.136006	0.138653	0.141266	0.143842	0.146379	0.148875	0.151328	0.153734	0.156094	0.158403	0.160661	0.162865	0.165014	0.167105	0.169137	
0.0909933	0.0952986	0.0936232	0.0894768	0.0844408	0.0791503	0.0738624	0.0686899	0.0636889	0.0588928	0.0543244	0.0500016	0.0459391	0.0421496	0.0386444	0.0354329	0.0325235	0.0299231	0.0276374	0.0256706	0.0240257	0.0227043	0.0217069	0.0210326	0.0206794	0.020644	0.020922	0.0215081	0.0223959	0.0235779	0.0250461	

0.210955	0.211216	0.211405	0.211522	0.211565	0.211534	0.211428	0.211248	0.210993	0.210662	0.210255	0.209771	 0.20921	0.208571	0.207855	0.207062	0.206189	0.205239	0.204209	0.203101	0.201914	0.200648	0.199302	0.197878	0.196374	0.194791	0.193129	0.191389	 0.18957	0.187673	0.185698	
0.0922234	0.0948764	0.097535	0.100196	0.102858	0.105516	0.108169	0.110813	0.113446	0.116066	 0.11867	0.121255	0.123819	 0.12636	0.128875	0.131362	0.133819	0.136243	0.138633	0.140986	0.143301	0.145575	0.147807	0.149995	0.152136	0.154229	0.156272	0.158264	0.160203	0.162088	0.163916	
0.0799794	0.0814339	0.0788562	 0.07472	0.070081	0.0653579	0.0607216	0.0562482	0.0519768	0.047931	0.0441274	0.0405787	0.0372955	0.0342864	0.0315587	0.0291183	 0.02697	0.0251173	0.0235624	0.0223065	0.0213497	0.0206909	0.0203279	0.0202577	0.0204759	0.0209778	0.0217572	0.0228076	0.0241215	0.0256907	0.0275065	

0.201627	0.201801	0.201906	0.201943	0.201912	 0.20181	0.201639	0.201398	0.201086	0.200703	0.200248	0.199722	0.199123	0.198452	0.197708	 0.19689	   0.196	0.195036	0.193998	0.192887	0.191701	0.190442	0.189109	0.187702	0.186221	0.184666	0.183038	0.181336	0.179561	0.177714	0.175794	
0.0939422	0.096444	0.0989461	0.101446	0.103941	0.106429	0.108907	0.111374	0.113826	0.116261	0.118679	0.121075	0.123448	0.125796	0.128117	0.130409	0.132671	0.134899	0.137092	0.139249	0.141368	0.143446	0.145483	0.147477	0.149425	0.151327	0.153181	0.154985	0.156738	0.158439	0.160085	
0.0687712	0.0684653	0.0655322	0.0616587	0.0575384	0.0534447	0.0494901	0.0457258	0.0421784	0.0388645	0.0357955	0.0329801	0.030425	0.0281358	0.0261166	0.0243703	0.0228988	0.0217031	0.020783	0.0201374	0.0197642	0.0196605	0.0198225	0.0202456	0.0209243	0.0218528	0.0230242	0.0244313	0.0260663	0.0279209	0.0299864	

0.194709	  0.1948	0.194826	0.194788	0.194685	0.194516	0.194281	 0.19398	0.193611	0.193176	0.192673	0.192102	0.191463	0.190755	0.189979	0.189134	 0.18822	0.187236	0.186183	0.185061	0.183869	0.182608	0.181277	0.179876	0.178406	0.176867	0.175259	0.173582	0.171837	0.170024	0.168143	
0.0956087	0.0979728	0.100333	0.102686	0.105031	0.107366	0.109687	0.111994	0.114284	0.116555	0.118806	0.121033	0.123237	0.125413	0.127562	0.129681	0.131768	0.133822	0.135842	0.137824	0.139769	0.141674	0.143539	 0.14536	0.147138	 0.14887	0.150556	0.152194	0.153782	 0.15532	0.156807	
0.0587815	0.0574717	0.054501	0.0509976	0.0474137	0.0439271	0.0406118	0.0375018	0.0346153	0.0319632	0.0295532	0.0273906	0.0254793	0.0238221	0.0224207	0.0212758	0.0203871	0.0197536	0.0193731	0.0192431	0.0193599	0.0197193	0.0203164	0.0211457	0.022201	0.0234757	0.0249627	0.0266545	0.0285433	0.0306208	0.0328785	

0.188347	0.188365	0.188322	0.188217	0.188051	0.187823	0.187532	0.187179	0.186762	0.186281	0.185737	0.185128	0.184455	0.183717	0.182914	0.182046	0.181113	0.180114	 0.17905	0.177921	0.176726	0.175465	0.174139	0.172747	 0.17129	0.169768	0.168181	 0.16653	0.164814	0.163034	0.161191	
0.0972278	0.0994632	0.101691	 0.10391	0.106117	 0.10831	0.110489	 0.11265	0.114793	0.116916	0.119016	0.121092	0.123143	0.125167	0.127161	0.129126	0.131059	0.132959	0.134824	0.136653	0.138445	0.140197	 0.14191	0.143581	0.145209	0.146794	0.148333	0.149826	0.151271	0.152668	0.154015	
0.0501062	0.0483282	0.0455223	0.0424425	0.039386	0.0364699	0.0337432	0.0312286	0.0289381	0.0268787	0.0250549	0.0234695	0.0221243	0.0210197	0.0201556	0.0195309	0.0191437	0.0189912	0.0190704	0.0193771	0.0199068	0.0206544	0.0216142	0.0227801	0.0241456	0.0257037	0.0274473	0.0293687	0.0314603	0.0337139	0.0361216	

0.184129	0.184078	0.183968	  0.1838	0.183573	0.183287	0.182941	0.182535	0.182069	0.181542	0.180954	0.180304	0.179594	0.178822	0.177988	0.177092	0.176133	0.175113	 0.17403	0.172886	0.171678	0.170409	0.169077	0.167683	0.166228	 0.16471	0.163131	0.161491	 0.15979	0.158028	0.156206	
0.0986377	0.100758	0.102868	0.104966	0.107051	 0.10912	0.111172	0.113206	 0.11522	0.117212	0.119181	0.121125	0.123044	0.124934	0.126796	0.128627	0.130427	0.132193	0.133926	0.135622	0.137282	0.138904	0.140487	0.142029	 0.14353	0.144988	0.146402	0.147772	0.149095	0.150372	0.151601	
0.0429555	0.0410646	0.0385329	0.0358822	0.0333164	0.0309161	0.0287148	0.026728	0.0249633	0.0234248	0.0221146	0.0210336	0.0201815	0.0195572	0.019159	0.0189842	0.0190297	0.0192916	0.0197657	0.0204471	0.0213304	0.0224098	0.0236791	0.025132	0.0267614	0.0285604	0.0305216	0.0326377	0.0349008	0.0373035	0.0398377	

0.180109	0.179998	0.179831	0.179608	0.179328	0.178992	0.178599	0.178148	0.177639	0.177073	0.176449	0.175766	0.175024	0.174224	0.173365	0.172446	0.171469	0.170432	0.169335	 0.16818	0.166965	0.165691	0.164357	0.162965	0.161513	0.160003	0.158435	0.156808	0.155123	0.153381	0.151582	
 0.10053	 0.10255	0.104558	0.106552	 0.10853	0.110492	0.112435	0.114358	 0.11626	0.118139	0.119993	0.121823	0.123626	  0.1254	0.127146	0.128861	0.130544	0.132194	 0.13381	0.135391	0.136936	0.138443	0.139911	 0.14134	0.142728	0.144075	0.145379	 0.14664	0.147856	0.149026	 0.15015	
0.0372566	 0.03543	0.0332126	0.030975	0.0288616	0.0269292	0.025201	0.0236874	0.0223928	0.0213189	0.020466	0.019833	0.0194183	0.0192193	0.0192329	0.0194553	0.0198824	0.0205093	0.0213308	0.0223414	0.0235351	0.0249056	0.0264464	0.0281506	0.0300113	0.0320212	0.0341732	0.0364598	0.0388736	0.0414071	0.0440528	

0.178047	0.177877	0.177653	0.177374	0.177042	0.176655	0.176212	0.175715	0.175162	0.174553	0.173888	0.173167	0.172389	0.171555	0.170665	0.169717	0.168712	0.167651	0.166532	0.165356	0.164124	0.162834	0.161488	0.160085	0.158626	 0.15711	0.155538	 0.15391	0.152227	0.150489	0.148697	
 0.10384	0.105776	0.107698	0.109602	 0.11149	0.113358	0.115206	0.117032	0.118835	0.120614	0.122368	0.124095	0.125794	0.127465	0.129105	0.130715	0.132292	0.133835	0.135345	0.136818	0.138256	0.139656	0.141018	 0.14234	0.143622	0.144864	0.146063	0.147219	0.148331	0.149399	0.150421	
0.0326656	0.0309712	0.029082	0.0272489	0.0255689	0.0240797	0.0227965	0.0217251	0.0208674	0.0202232	0.019791	0.0195684	0.0195525	0.0197396	0.0201254	0.0207055	0.0214746	0.0224274	0.023558	0.0248603	0.026328	0.0279545	0.0297331	0.0316567	0.0337184	0.035911	0.0382274	0.0406604	0.0432028	0.0458473	0.0485868	

0.175967	0.175744	 0.17547	0.175143	0.174763	0.174331	0.173846	0.173307	0.172715	0.172069	0.171369	0.170615	0.169807	0.168944	0.168026	0.167054	0.166027	0.164945	0.163808	0.162616	0.161369	0.160068	0.158712	0.157302	0.155837	0.154319	0.152746	 0.15112	0.149441	0.147709	0.145924	
0.107948	0.109812	0.111659	0.113487	0.115295	0.117082	0.118847	0.120589	0.122306	0.123997	0.125661	0.127298	0.128905	0.130483	0.132029	0.133544	0.135025	0.136473	0.137885	0.139262	0.140602	0.141904	0.143168	0.144393	0.145577	 0.14672	0.147821	 0.14888	0.149896	0.150867	0.151793	
0.0281686	0.0267501	0.0252669	0.0238843	0.0226658	0.0216359	0.0208038	0.0201724	0.0197417	0.0195103	0.0194756	0.0196345	0.0199832	0.0205176	0.021233	0.0221243	0.0231864	0.0244135	0.0257997	0.027339	0.0290249	0.0308512	0.0328112	0.0348982	0.0371056	0.0394265	0.0418543	0.044382	0.0470032	0.0497109	0.0524988	

0.175726	0.175449	0.175122	0.174744	0.174315	0.173835	0.173303	0.172719	0.172083	0.171394	0.170653	 0.16986	0.169014	0.168114	0.167162	0.166157	0.165098	0.163986	0.162821	0.161603	0.160331	0.159006	0.157629	0.156198	0.154715	 0.15318	0.151592	0.149953	0.148262	 0.14652	0.144727	
0.110721	0.112512	0.114285	0.116037	0.117768	0.119477	0.121163	0.122824	 0.12446	 0.12607	0.127652	0.129205	0.130729	0.132223	0.133686	0.135117	0.136514	0.137877	0.139206	0.140499	0.141756	0.142975	0.144156	0.145298	0.146401	0.147463	0.148485	0.149464	0.150401	0.151294	0.152144	
0.0244789	0.0233921	0.0223179	0.0213663	0.0205797	0.0199737	0.0195539	0.0193209	0.0192738	0.0194102	0.0197269	0.0202204	0.0208866	0.0217209	0.0227186	0.0238747	0.0251837	 0.02664	0.0282379	0.0299714	0.0318346	0.0338212	0.0359249	0.0381396	0.0404589	0.0428765	0.045386	0.0479813	0.050656	0.0534042	0.0562197	

0.175281	0.174956	0.174581	0.174157	0.173683	0.173159	0.172585	 0.17196	0.171285	0.170559	0.169782	0.168953	0.168073	0.167142	0.166159	0.165125	0.164038	0.162901	0.161711	 0.16047	0.159177	0.157832	0.156436	0.154989	0.153491	0.151942	0.150342	0.148692	0.146993	0.145243	0.143445	
0.113085	0.114813	0.116522	 0.11821	0.119877	0.121521	0.123141	0.124736	0.126306	0.127849	0.129365	0.130852	 0.13231	0.133738	0.135135	0.136499	0.137831	 0.13913	0.140394	0.141623	0.142816	0.143973	0.145092	0.146173	0.147215	0.148217	 0.14918	0.150101	0.150981	0.151818	0.152612	
0.0235901	0.0227471	0.0219714	0.0213416	0.0208868	0.0206173	0.0205354	0.0206398	0.020928	0.0213962	 0.02204	0.0228549	0.0238356	0.0249768	0.0262727	0.0277175	0.0293052	0.0310295	0.0328841	0.0348626	0.0369585	0.0391655	0.0414769	0.0438863	0.0463872	0.0489734	0.0516383	0.054376	0.0571801	0.0600447	0.0629638	

0.175573	  0.1752	0.174778	0.174308	 0.17379	0.173222	0.172606	 0.17194	0.171224	0.170459	0.169644	0.168779	0.167864	0.166898	0.165883	0.164816	  0.1637	0.162533	0.161315	0.160047	0.158729	 0.15736	0.155942	0.154473	0.152955	0.151387	 0.14977	0.148103	0.146389	0.144625	0.142814	
0.116105	0.117777	0.119428	0.121057	0.122664	0.124247	0.125806	0.127339	0.128847	0.130327	0.131779	0.133203	0.134597	 0.13596	0.137292	0.138593	 0.13986	0.141094	0.142294	0.143459	0.144588	0.145681	0.146737	0.147755	0.148734	0.149674	0.150575	0.151435	0.152254	0.153032	0.153767	
0.022431	0.0219424	0.0215327	0.0212687	0.0211751	0.0212599	0.0215241	0.0219658	0.0225812	0.0233662	0.0243159	0.0254248	0.0266877	0.0280985	0.0296514	0.0313403	0.0331589	0.0351008	0.0371598	0.0393294	0.0416032	0.0439748	0.0464379	0.0489861	0.0516132	0.0543131	0.0570797	0.0599071	0.0627894	0.0657209	0.0686962	

0.177537	0.177111	0.176639	0.176119	 0.17555	0.174934	0.174269	0.173556	0.172794	0.171983	0.171123	0.170213	0.169255	0.168247	0.167189	0.166082	0.164925	0.163718	0.162462	0.161157	0.159801	0.158397	0.156943	 0.15544	0.153888	0.152288	0.150639	0.148942	0.147197	0.145405	0.143566	
0.122916	0.124542	0.126146	0.127725	 0.12928	0.130809	0.132312	0.133788	0.135236	0.136655	0.138044	0.139403	0.140731	0.142027	 0.14329	 0.14452	0.145716	0.146878	0.148004	0.149095	0.150148	0.151165	0.152143	0.153083	0.153984	0.154846	0.155667	0.156447	0.157185	0.157882	0.158536	
0.0203993	0.0202368	0.0201747	0.0202552	0.0204935	0.0208938	0.0214557	0.0221767	0.023053	0.0240805	0.0252545	0.0265701	0.0280221	0.0296052	0.0313138	0.0331423	0.0350851	0.0371363	0.0392902	0.041541	0.0438827	0.0463098	0.0488163	0.0513966	0.0540451	0.0567561	0.0595243	0.0623443	0.0652107	0.0681185	0.0710626	

0.179033	0.178562	0.178043	0.177478	0.176865	0.176205	0.175498	0.174742	0.173939	0.173087	0.172187	0.171239	0.170242	0.169197	0.168102	0.166959	0.165767	0.164527	0.163237	0.161899	0.160512	0.159077	0.157593	0.156061	0.154481	0.152853	0.151177	0.149454	0.147684	0.145868	0.144005	
0.128854	0.130432	0.131985	0.133513	0.135015	0.136489	0.137936	0.139354	0.140743	0.142102	 0.14343	0.144727	0.145991	0.147223	0.148422	0.149586	0.150715	 0.15181	0.152868	 0.15389	0.154874	0.155821	 0.15673	0.157599	 0.15843	 0.15922	 0.15997	0.160679	0.161346	0.161971	0.162554	
0.0224157	0.0225425	0.0227883	0.0231868	0.0237493	0.0244774	0.0253689	0.0264198	0.0276252	0.0289793	0.0304766	0.0321108	0.0338758	0.0357653	0.0377729	0.0398923	0.0421171	0.0444408	0.0468571	0.0493597	0.0519425	0.0545991	0.0573238	0.0601104	0.0629533	0.0658468	0.0687853	0.0717635	0.0747761	0.0778182	0.0808847	

0.182096	0.181575	0.181007	0.180393	0.179732	0.179023	0.178268	0.177465	0.176614	0.175716	 0.17477	0.173775	0.172733	0.171642	0.170503	0.169316	 0.16808	0.166796	0.165463	0.164083	0.162654	0.161177	0.159651	0.158078	0.156458	 0.15479	0.153075	0.151313	0.149504	0.147649	0.145749	
0.133071	0.134612	0.136127	0.137617	0.139079	0.140514	0.141921	0.143299	0.144647	0.145964	0.147251	0.148506	0.149729	0.150919	0.152075	0.153197	0.154284	0.155336	0.156352	0.157332	0.158274	0.159179	0.160046	0.160874	0.161663	0.162412	0.163121	0.163789	0.164415	   0.165	0.165543	
0.0220927	0.0225373	0.0230985	0.0238011	0.0246528	0.0256544	0.0268032	0.0280954	0.0295259	0.0310898	0.0327814	0.0345952	0.0365255	0.0385663	0.0407118	0.0429562	0.0452935	0.0477179	0.0502235	0.0528045	0.0554554	0.0581704	0.0609441	0.063771	0.0666458	0.0695633	0.0725186	0.0755067	0.0785227	0.0815621	0.0846204	

0.184449	0.183885	0.183274	0.182618	0.181915	0.181166	0.180369	0.179526	0.178635	0.177697	0.176712	0.175679	0.174598	 0.17347	0.172293	0.171069	0.169797	0.168477	0.167109	0.165693	 0.16423	0.162718	0.161159	0.159553	  0.1579	0.156199	0.154452	0.152659	0.150819	0.148933	0.147003	
0.135135	0.136641	0.138123	0.139578	0.141006	0.142407	 0.14378	0.145125	0.146439	0.147724	0.148978	0.150201	0.151392	 0.15255	0.153675	0.154767	0.155824	0.156846	0.157833	0.158784	0.159699	0.160576	0.161416	0.162217	 0.16298	0.163704	0.164389	0.165033	0.165636	0.166199	 0.16672	
0.0240945	0.0248298	0.0256873	0.0266856	0.0278296	0.0291181	0.0305478	0.0321138	0.0338106	0.0356326	0.0375737	0.039628	0.0417893	0.0440515	0.0464085	0.0488543	0.0513828	0.053988	0.0566641	0.0594053	0.0622059	0.0650603	0.0679632	0.0709092	0.0738931	 0.07691	0.0799549	0.0830232	0.0861103	0.0892117	0.0923233	

0.186994	0.186391	0.185743	0.185049	0.184309	0.183522	0.182689	0.181809	0.180882	0.179908	0.178887	0.177819	0.176703	 0.17554	0.174329	 0.17307	0.171764	 0.17041	0.169009	 0.16756	0.166063	 0.16452	0.162928	 0.16129	0.159605	0.157873	0.156094	0.154269	0.152399	0.150483	0.148521	
0.142154	0.143623	0.145065	 0.14648	0.147867	0.149225	0.150554	0.151853	0.153121	0.154357	0.155562	0.156735	0.157874	 0.15898	0.160052	 0.16109	0.162092	0.163058	0.163989	0.164882	0.165739	0.166557	0.167338	 0.16808	0.168782	0.169445	0.170068	0.170651	0.171192	0.171692	 0.17215	
0.0264339	0.0274866	0.0286512	0.0299468	0.0313784	0.032945	0.034643	0.0364673	0.0384125	0.0404726	0.0426416	0.0449133	0.0472817	0.0497407	0.0522842	0.0549061	0.0576005	0.0603617	0.0631837	0.0660612	0.0689885	0.0719603	0.0749713	0.0780166	0.0810912	0.0841903	0.0873092	0.0904437	0.0935892	0.0967417	0.0998972	

0.191145	0.190499	0.189807	 0.18907	0.188286	0.187456	0.186579	0.185655	0.184684	0.183666	0.182601	0.181489	0.180329	0.179122	0.177866	0.176564	0.175213	0.173815	0.172369	0.170875	0.169334	0.167745	0.166109	0.164426	0.162695	0.160918	0.159094	0.157223	0.155307	0.153345	0.151337	
0.152422	0.153851	0.155251	 0.15662	 0.15796	0.159269	0.160546	0.161791	0.163004	0.164183	0.165329	0.166441	0.167518	0.168559	0.169565	0.170535	0.171469	0.172365	0.173224	0.174044	0.174826	0.175569	0.176273	0.176937	0.177561	0.178144	0.178686	0.179186	0.179644	0.180061	0.180434	
0.0282297	0.0295474	0.0309655	0.032503	0.0341648	 0.03595	0.0378553	0.0398756	0.0420057	0.0442397	0.0465719	0.0489963	0.0515071	0.0540983	0.0567642	0.059499	0.0622971	0.0651529	0.0680611	0.0710162	0.074013	0.0770467	0.0801122	0.0832047	0.0863197	0.0894527	0.0925994	0.0957556	0.0989172	 0.10208	0.105242	

0.194319	0.193638	0.192911	0.192138	0.191319	0.190454	0.189542	0.188583	0.187577	0.186524	0.185424	0.184277	0.183082	0.181839	0.180549	0.179211	0.177826	0.176393	0.174912	0.173383	0.171807	0.170183	0.168512	0.166793	0.165027	0.163215	0.161355	 0.15945	0.157498	  0.1555	0.153457	
0.159186	0.160582	0.161947	0.163282	0.164586	0.165858	0.167097	0.168304	0.169477	0.170617	0.171722	0.172793	0.173828	0.174827	0.175791	0.176717	0.177607	0.178458	0.179272	0.180048	0.180784	0.181481	0.182139	0.182756	0.183333	0.183868	0.184363	0.184816	0.185226	0.185594	0.185919	
0.0329326	0.0345381	0.0362571	0.0380975	0.0400594	0.0421394	0.0443324	0.0466328	0.0490346	0.0515315	0.0541174	0.0567861	0.0595314	0.0623473	0.0652279	0.0681674	 0.07116	0.0742003	0.0772829	0.0804024	0.0835537	0.0867321	0.0899325	0.0931505	0.0963816	0.0996216	0.102866	0.106111	0.109354	0.112589	0.115814	

0.198133	 0.19741	0.196641	0.195827	0.194966	0.194059	0.193105	0.192104	0.191056	0.189961	0.188819	0.187629	0.186392	0.185107	0.183775	0.182394	0.180966	 0.17949	0.177966	0.176395	0.174775	0.173108	0.171394	0.169632	0.167822	0.165966	0.164063	0.162113	0.160117	0.158075	0.155987	
0.162633	0.164015	0.165368	 0.16669	 0.16798	0.169239	0.170466	 0.17166	0.172821	0.173948	0.175041	0.176099	0.177122	 0.17811	0.179061	0.179976	0.180854	0.181694	0.182497	0.183261	0.183986	0.184673	0.185319	0.185926	0.186493	0.187018	0.187503	0.187946	0.188346	0.188705	0.189021	
0.0353085	0.0371345	0.039062	0.041099	0.043246	0.0454997	0.0478556	0.0503081	0.0528516	0.0554802	0.0581881	0.0609693	0.0638183	0.0667292	0.0696965	0.0727146	0.0757784	0.0788825	0.0820219	0.0851917	0.0883871	0.0916034	0.0948362	0.0980813	0.101334	0.104591	0.107849	0.111102	0.114349	0.117585	0.120807	

0.204242	0.203459	0.202629	0.201753	 0.20083	0.199861	0.198844	 0.19778	0.196669	 0.19551	0.194304	 0.19305	0.191747	0.190397	0.188999	0.187552	0.186058	0.184515	0.182924	0.181285	0.179597	0.177862	0.176078	0.174247	0.172369	0.170442	0.168469	0.166449	0.164382	0.162268	0.160109	
0.168287	0.169647	0.170975	0.172273	0.173539	0.174772	0.175973	0.177141	0.178275	0.179375	 0.18044	 0.18147	0.182465	0.183423	0.184345	 0.18523	0.186078	0.186889	0.187661	0.188394	0.189089	0.189744	0.190359	0.190934	0.191469	0.191963	0.192415	0.192825	0.193193	0.193519	0.193802	
0.0411919	0.0433368	0.0455717	0.0479063	0.0503416	0.0528747	0.0555008	0.0582144	0.0610097	0.0638805	0.066821	0.0698251	0.0728871	0.0760012	0.0791619	0.0823637	0.0856014	0.0888697	0.0921639	0.0954789	0.0988103	0.102154	0.105504	0.108859	0.112212	0.115562	0.118903	0.122233	0.125548	0.128845	0.132121	

0.209985	0.209133	0.208235	 0.20729	0.206298	0.205259	0.204173	 0.20304	0.201859	 0.20063	0.199353	0.198028	0.196655	0.195234	0.193764	0.192247	0.190681	0.189066	0.187403	0.185692	0.183932	0.182125	0.180269	0.178365	0.176414	0.174415	0.172368	0.170275	0.168135	0.165948	0.163715	
0.180158	0.181469	0.182747	0.183992	0.185202	0.186379	0.187521	0.188628	  0.1897	0.190735	0.191735	0.192697	0.193623	 0.19451	 0.19536	0.196172	0.196945	0.197678	0.198372	0.199027	0.199641	0.200214	0.200746	0.201237	0.201687	0.202094	0.202459	0.202781	 0.20306	0.203295	0.203487	
0.0454185	0.0477913	0.0502424	0.0527823	0.0554126	0.0581308	0.0609322	0.0638116	0.0667633	0.0697814	0.0728603	0.0759941	0.0791773	0.0824043	0.0856699	0.0889687	0.0922959	0.0956465	0.0990157	0.102399	0.105792	0.109191	0.112591	0.115989	0.119381	0.122763	0.126131	0.129484	0.132817	0.136127	0.139412	

0.216342	0.215412	0.214435	0.213412	0.212341	0.211223	0.210058	0.208844	0.207583	0.206274	0.204917	0.203512	0.202058	0.200556	0.199005	0.197406	0.195759	0.194063	0.192318	0.190525	0.188683	0.186793	0.184855	0.182869	0.180835	0.178753	0.176624	0.174448	0.172224	0.169955	0.167639	
0.190805	0.192077	0.193314	0.194517	0.195684	0.196816	0.197912	0.198971	0.199994	0.200979	0.201927	0.202837	0.203708	0.204541	0.205335	0.206089	0.206803	0.207478	0.208111	0.208704	0.209256	0.209765	0.210233	0.210659	0.211042	0.211383	 0.21168	0.211933	0.212142	0.212308	0.212428	
0.0508435	0.0534572	0.056137	0.0588949	0.0617332	0.0646495	0.0676398	0.0706989	0.0738213	0.0770014	0.0802337	0.0835125	0.0868326	0.0901885	0.0935752	0.0969877	0.100421	0.103871	0.107333	0.110802	0.114274	0.117746	0.121214	0.124673	0.128121	0.131553	0.134967	 0.13836	0.141729	0.145071	0.148383	

 0.22274	0.221734	 0.22068	0.219579	0.218431	0.217235	0.215991	0.214699	0.213359	0.211971	0.210535	 0.20905	0.207516	0.205934	0.204303	0.202623	0.200895	0.199118	0.197292	0.195417	0.193494	0.191522	0.189502	0.187434	0.185317	0.183153	0.180941	0.178682	0.176376	0.174023	0.171624	
0.196031	 0.19729	0.198514	0.199703	0.200857	0.201975	0.203057	0.204102	0.205111	0.206082	0.207015	 0.20791	0.208767	0.209584	0.210363	0.211102	0.211801	 0.21246	0.213078	0.213655	0.214191	0.214685	0.215137	0.215547	0.215913	0.216237	0.216518	0.216755	0.216948	0.217096	  0.2172	
0.0584805	0.0613868	0.0643444	0.0673679	0.0704608	0.0736214	0.0768456	0.0801284	0.0834643	0.0868477	0.090273	0.0937347	0.0972275	0.100746	0.104286	0.107841	0.111408	0.114982	0.118558	0.122133	0.125702	0.129262	0.132809	0.136339	 0.13985	0.143338	  0.1468	0.150233	0.153635	0.157004	0.160335	

 0.23046	0.229373	0.228239	0.227057	0.225827	0.224548	0.223222	0.221847	0.220423	0.218951	0.217429	0.215859	0.214239	 0.21257	0.210852	0.209085	0.207268	0.205403	0.203487	0.201523	 0.19951	0.197447	0.195336	0.193176	0.190968	0.188711	0.186406	0.184053	0.181653	0.179205	0.176711	
0.200422	0.201671	0.202885	0.204064	0.205208	0.206316	0.207388	0.208423	0.209421	0.210382	0.211305	 0.21219	0.213036	0.213843	0.214611	 0.21534	0.216028	0.216676	0.217284	 0.21785	0.218375	0.218858	0.219299	0.219698	0.220054	0.220367	0.220636	0.220862	0.221043	 0.22118	0.221273	
0.0617917	0.0648103	0.0678722	0.0709918	0.0741728	0.0774139	0.0807116	0.0840612	0.0874578	0.0908962	0.0943713	0.097878	0.101411	0.104966	0.108539	0.112124	0.115717	0.119314	0.122911	0.126504	 0.13009	0.133665	0.137225	0.140767	0.144288	0.147785	0.151256	0.154697	0.158105	 0.16148	0.164817	

0.236055	0.234908	0.233714	0.232471	 0.23118	0.229841	0.228452	0.227015	0.225529	0.223994	0.222409	0.220775	0.219092	0.217359	0.215576	0.213744	0.211862	0.209931	 0.20795	0.205919	0.203839	 0.20171	0.199531	0.197303	0.195027	0.192701	0.190327	0.187906	0.185436	0.182918	0.180354	
0.211676	0.212878	0.214043	0.215172	0.216264	0.217319	0.218336	0.219315	0.220256	0.221158	0.222021	0.222845	0.223629	0.224374	0.225077	 0.22574	0.226362	0.226943	0.227482	0.227979	0.228433	0.228845	0.229214	0.229539	0.229821	0.230059	0.230253	0.230402	0.230506	0.230565	0.230579	
0.0734473	0.0767247	0.0800749	0.0834912	0.0869672	0.0904966	0.0940732	0.0976911	0.101344	0.105028	0.108735	0.112462	0.116204	0.119955	 0.12371	0.127466	0.131219	0.134963	0.138696	0.142413	0.146111	0.149788	0.153438	0.157061	0.160652	0.164209	 0.16773	0.171212	0.174653	 0.17805	0.181401	

0.241025	0.239829	0.238586	0.237294	0.235953	0.234563	0.233124	0.231636	0.230099	0.228512	0.226875	0.225189	0.223452	0.221666	 0.21983	0.217943	0.216007	 0.21402	0.211984	0.209897	0.207761	0.205575	0.203339	0.201054	0.198719	0.196335	0.193902	0.191421	0.188891	0.186314	0.183688	
0.224611	0.225759	0.226869	0.227941	0.228975	 0.22997	0.230926	0.231843	0.232719	0.233556	0.234352	0.235108	0.235823	0.236496	0.237128	0.237717	0.238265	 0.23877	0.239232	0.239651	0.240026	0.240358	0.240646	0.240889	0.241088	0.241241	 0.24135	0.241413	 0.24143	0.241401	0.241326	
0.0762839	0.0796235	0.0830286	0.0864933	0.0900115	0.0935776	0.0971859	0.100831	0.104508	 0.10821	0.111934	0.115675	0.119427	0.123187	 0.12695	0.130712	0.134469	0.138217	0.141952	0.145671	0.149371	0.153049	0.156701	0.160325	0.163917	0.167476	0.170999	0.174482	0.177926	0.181326	0.184681	

0.245596	0.244359	0.243074	0.241739	0.240356	0.238923	 0.23744	0.235908	0.234326	0.232695	0.231013	0.229281	0.227498	0.225665	0.223782	0.221848	0.219864	0.217829	0.215743	0.213608	0.211421	0.209185	0.206898	0.204561	0.202175	0.199739	0.197253	0.194718	0.192135	0.189502	0.186822	
0.231532	0.232654	0.233738	0.234783	 0.23579	0.236757	0.237685	0.238573	 0.23942	0.240227	0.240994	0.241719	0.242403	0.243046	0.243646	0.244204	 0.24472	0.245192	0.245621	0.246007	0.246349	0.246647	0.246901	 0.24711	0.247274	0.247393	0.247466	0.247493	0.247474	0.247409	0.247297	
0.0875733	0.0911844	0.0948503	0.0985648	0.102322	0.106116	 0.10994	0.113791	0.117661	0.121547	0.125443	0.129345	0.133248	0.137147	 0.14104	 0.14492	0.148786	0.152633	0.156458	0.160258	0.164029	0.167769	0.171474	0.175143	0.178773	0.182361	0.185905	0.189404	0.192854	0.196255	0.199604	

 0.25174	0.250451	0.249113	0.247725	0.246288	0.244801	0.243263	0.241675	0.240037	0.238348	0.236609	0.234818	0.232977	0.231084	 0.22914	0.227145	0.225099	0.223002	0.220853	0.218654	0.216403	0.214101	0.211748	0.209345	 0.20689	0.204386	0.201831	0.199226	0.196572	0.193869	0.191116	
0.235912	0.237025	  0.2381	0.239136	0.240134	0.241092	 0.24201	0.242889	0.243728	0.244526	0.245283	0.245999	0.246673	0.247306	0.247897	0.248446	0.248952	0.249415	0.249834	 0.25021	0.250543	0.250831	0.251074	0.251273	0.251427	0.251536	0.251599	0.251615	0.251586	 0.25151	0.251387	
0.0952007	0.098959	0.102764	0.106609	0.110489	0.114398	 0.11833	0.122281	0.126246	0.130219	0.134196	0.138172	0.142144	0.146106	0.150056	 0.15399	0.157903	0.161793	0.165656	 0.16949	0.173291	0.177056	0.180784	0.184471	0.188116	0.191716	0.195268	0.198772	0.202225	0.205625	0.208972	

 0.25646	0.255118	0.253726	0.252285	0.250793	0.249251	0.247659	0.246016	0.244322	0.242578	0.240782	0.238935	0.237037	0.235087	0.233086	0.231033	0.228929	0.226773	0.224566	0.222307	0.219997	0.217636	0.215223	0.212759	0.210245	0.207679	0.205063	0.202397	0.199681	0.196916	0.194101	
0.246018	0.247094	0.248131	0.249129	0.250086	0.251004	0.251881	0.252718	0.253513	0.254268	 0.25498	0.255651	0.256279	0.256865	0.257409	0.257909	0.258365	0.258778	0.259147	0.259472	0.259752	0.259988	0.260178	0.260323	0.260422	0.260475	0.260482	0.260442	0.260355	0.260221	 0.26004	
0.100641	0.104483	0.108364	 0.11228	0.116224	0.120191	0.124176	0.128175	0.132182	0.136192	0.140203	0.144208	0.148204	0.152188	0.156156	0.160104	0.164028	0.167926	0.171795	0.175631	0.179433	0.183197	0.186921	0.190602	0.194239	0.197829	 0.20137	0.204862	  0.2083	0.211685	0.215015	

0.261634	0.260226	0.258768	 0.25726	0.255702	0.254093	0.252434	0.250723	0.248962	0.247149	0.245285	 0.24337	0.241403	0.239385	0.237314	0.235192	0.233019	0.230793	0.228516	0.226187	0.223807	0.221375	0.218892	0.216357	0.213771	0.211135	0.208448	 0.20571	0.202922	0.200085	0.197198	
0.256949	0.257964	0.258938	0.259873	0.260766	0.261619	 0.26243	0.263199	0.263926	0.264612	0.265254	0.265855	0.266412	0.266925	0.267396	0.267822	0.268204	0.268542	0.268835	0.269084	0.269287	0.269444	0.269556	0.269622	0.269641	0.269614	 0.26954	0.269418	 0.26925	0.269033	0.268769	
0.112601	0.116645	0.120717	0.124813	0.128926	0.133052	0.137185	0.141321	0.145456	0.149584	0.153701	0.157805	 0.16189	0.165953	0.169991	0.174001	0.177979	0.181923	0.185829	0.189695	0.193519	0.197298	0.201031	0.204714	0.208346	0.211926	0.215451	 0.21892	0.222332	0.225684	0.228976	

0.266881	0.265403	0.263874	0.262295	0.260666	0.258986	0.257255	0.255473	0.253639	0.251754	0.249818	 0.24783	 0.24579	0.243699	0.241555	 0.23936	0.237113	0.234814	0.232463	 0.23006	0.227606	  0.2251	0.222542	0.219933	0.217273	0.214562	  0.2118	0.208988	0.206125	0.203213	0.200251	
0.264815	0.265786	0.266716	0.267605	0.268453	 0.26926	0.270024	0.270747	0.271427	0.272064	0.272659	 0.27321	0.273718	0.274183	0.274603	0.274979	0.275311	0.275598	 0.27584	0.276036	0.276187	0.276293	0.276352	0.276365	0.276331	 0.27625	0.276122	0.275947	0.275724	0.275453	0.275133	
0.117694	0.121782	0.125894	0.130024	0.134168	 0.13832	0.142476	0.146631	0.150782	0.154923	0.159051	0.163162	0.167253	 0.17132	 0.17536	 0.17937	0.183347	0.187287	 0.19119	0.195051	0.198869	0.202641	0.206366	0.210041	0.213664	0.217234	0.220749	0.224208	0.227608	 0.23095	 0.23423	

0.271754	 0.27021	0.268616	0.266971	0.265276	0.263529	0.261731	0.259883	0.257982	 0.25603	0.254027	0.251971	0.249864	0.247704	0.245493	 0.24323	0.240914	0.238546	0.236127	0.233655	0.231132	0.228557	 0.22593	0.223251	0.220522	0.217741	0.214909	0.212027	0.209095	0.206112	 0.20308	
0.269438	0.270385	0.271292	0.272157	0.272981	0.273763	0.274504	0.275202	0.275858	0.276472	0.277042	0.277569	0.278053	0.278493	0.278889	 0.27924	0.279547	 0.27981	0.280027	0.280199	0.280325	0.280405	0.280439	0.280427	0.280368	0.280262	0.280109	0.279908	 0.27966	0.279363	0.279019	
0.127086	0.131286	0.135501	0.139727	0.143958	0.148189	0.152417	0.156637	0.160845	0.165037	0.169209	0.173358	0.177481	0.181574	0.185634	0.189658	0.193644	 0.19759	0.201492	0.205348	0.209157	0.212915	0.216622	0.220276	0.223874	0.227416	0.230899	0.234322	0.237685	0.240985	0.244222	

0.276946	0.275336	0.273674	0.271962	0.270199	0.268384	0.266518	0.264601	0.262632	0.260611	0.258538	0.256413	0.254236	0.252007	0.249725	0.247391	0.245005	0.242567	0.240077	0.237534	0.234939	0.232293	0.229594	0.226844	0.224043	 0.22119	0.218286	0.215332	0.212327	0.209272	0.206168	
0.275955	 0.27687	0.277743	0.278575	0.279365	0.280114	 0.28082	0.281484	0.282104	0.282682	0.283217	0.283708	0.284156	0.284559	0.284918	0.285232	0.285502	0.285727	0.285906	0.286039	0.286127	0.286169	0.286164	0.286112	0.286013	0.285867	0.285674	0.285433	0.285144	0.284806	 0.28442	
0.136261	0.140549	0.144845	0.149144	 0.15344	0.157731	0.162011	0.166276	0.170523	0.174747	0.178947	0.183117	0.187255	0.191359	0.195425	 0.19945	0.203433	 0.20737	 0.21126	  0.2151	0.218889	0.222625	0.226305	0.229929	0.233494	   0.237	0.240445	0.243827	0.247146	  0.2504	0.253588	

0.279633	0.277976	0.276268	 0.27451	  0.2727	0.270839	0.268927	0.266963	0.264947	 0.26288	0.260761	 0.25859	0.256366	0.254091	0.251763	0.249383	0.246951	0.244467	0.241931	0.239342	0.236702	0.234009	0.231266	 0.22847	0.225623	0.222725	0.219777	0.216777	0.213728	0.210628	0.207479	
0.283733	0.284597	0.285419	0.286199	0.286937	0.287633	0.288286	0.288896	0.289463	0.289987	0.290468	0.290904	0.291297	0.291645	0.291948	0.292207	0.292421	0.292589	0.292711	0.292788	0.292819	0.292803	 0.29274	0.292631	0.292475	0.292271	0.292019	0.291719	0.291371	0.290975	 0.29053	
0.141932	0.146239	0.150549	0.154857	 0.15916	0.163453	0.167732	0.171993	0.176233	0.180449	0.184636	0.188793	0.192915	0.197001	0.201047	0.205051	0.209011	0.212924	0.216789	0.220603	0.224365	0.228073	0.231724	0.235318	0.238853	0.242328	0.245741	0.249092	0.252378	  0.2556	0.258755	

0.281457	 0.27976	0.278012	0.276214	0.274365	0.272465	0.270513	 0.26851	0.266455	0.264349	0.262191	0.259981	0.257719	0.255405	0.253039	0.250621	0.248151	0.245629	0.243055	0.240429	0.237751	0.235022	0.232241	0.229409	0.226526	0.223592	0.220608	0.217573	0.214488	0.211354	 0.20817	
0.291094	0.291905	0.292674	0.293402	0.294086	0.294728	0.295327	0.295883	0.296396	0.296865	0.297291	0.297672	0.298009	0.298301	0.298549	0.298752	0.298909	0.299021	0.299087	0.299106	 0.29908	0.299007	0.298887	 0.29872	0.298506	0.298244	0.297935	0.297577	0.297171	0.296716	0.296213	
0.151366	0.155735	0.160101	0.164457	0.168801	0.173129	0.177437	 0.18172	0.185977	0.190203	0.194396	0.198553	 0.20267	0.206747	0.210779	0.214765	0.218703	 0.22259	0.226425	0.230206	0.233931	0.237598	0.241207	0.244755	0.248242	0.251665	0.255025	 0.25832	0.261548	 0.26471	0.267804	

0.283277	0.281543	0.279758	0.277922	0.276036	0.274099	 0.27211	 0.27007	0.267978	0.265835	 0.26364	0.261394	0.259095	0.256745	0.254342	0.251888	0.249382	0.246824	0.244214	0.241552	0.238839	0.236074	0.233258	 0.23039	0.227472	0.224503	0.221483	0.218414	0.215294	0.212126	0.208908	
 0.29554	0.296312	0.297041	0.297729	0.298374	0.298976	0.299536	0.300053	0.300526	0.300955	0.301341	0.301683	 0.30198	0.302233	0.302441	0.302604	0.302722	0.302795	0.302821	0.302802	0.302736	0.302624	0.302464	0.302258	0.302005	0.301704	0.301355	0.300959	0.300514	 0.30002	0.299478	
0.158678	0.163067	0.167446	0.171812	 0.17616	0.180487	0.184789	0.189063	0.193306	0.197514	0.201686	0.205818	0.209909	0.213954	0.217953	0.221903	0.225802	0.229648	 0.23344	0.237176	0.240854	0.244472	0.248031	0.251527	 0.25496	0.258329	0.261633	0.264871	0.268042	0.271144	0.274178	

0.284991	0.283219	0.281397	0.279523	0.277599	0.275624	0.273598	0.271521	0.269392	0.267211	0.264979	0.262695	 0.26036	0.257973	0.255534	0.253043	  0.2505	0.247905	0.245259	0.242561	0.239812	0.237011	 0.23416	0.231257	0.228303	0.225299	0.222244	 0.21914	0.215985	0.212782	 0.20953	
0.298871	0.299608	0.300303	0.300955	0.301565	0.302133	0.302658	 0.30314	0.303579	0.303974	0.304326	0.304633	0.304897	0.305116	 0.30529	 0.30542	0.305504	0.305543	0.305537	0.305484	0.305385	 0.30524	0.305048	 0.30481	0.304524	 0.30419	 0.30381	0.303381	0.302904	0.302378	0.301804	
0.164842	0.169225	0.173595	0.177947	0.182278	0.186584	0.190863	0.195111	0.199326	0.203504	0.207642	0.211739	0.215792	0.219799	0.223757	0.227665	0.231521	0.235323	0.239069	0.242758	0.246388	0.249959	0.253468	0.256914	0.260297	0.263615	0.266868	0.270054	0.273172	0.276222	0.279202	

0.287574	0.285753	0.283881	0.281959	0.279986	0.277962	0.275887	0.273761	0.271583	0.269354	0.267073	0.264741	0.262357	0.259922	0.257434	0.254895	0.252305	0.249662	0.246969	0.244223	0.241427	0.238579	 0.23568	 0.23273	 0.22973	0.226679	0.223579	0.220428	0.217228	0.213979	0.210682	
0.303839	0.304531	 0.30518	0.305788	0.306353	0.306875	0.307355	0.307791	0.308185	0.308534	 0.30884	0.309102	 0.30932	0.309493	0.309622	0.309705	0.309744	0.309736	0.309684	0.309585	 0.30944	0.309249	0.309011	0.308726	0.308394	0.308014	0.307587	0.307112	0.306589	0.306017	0.305397	
0.172549	0.176936	0.181304	 0.18565	 0.18997	0.194261	 0.19852	0.202744	0.206931	0.211078	0.215182	0.219242	0.223254	0.227217	 0.23113	0.234989	0.238794	0.242543	0.246234	0.249866	0.253437	0.256947	0.260395	0.263778	0.267096	0.270349	0.273534	0.276652	0.279702	0.282682	0.285592	

0.288209	0.286349	0.284439	0.282479	0.280469	0.278408	0.276296	0.274133	0.271919	0.269654	0.267338	0.264971	0.262552	0.260083	0.257561	0.254989	0.252365	0.249691	0.246965	0.244188	 0.24136	0.238482	0.235553	0.232573	0.229544	0.226465	0.223336	0.220158	0.216932	0.213656	0.210333	
0.307691	0.308333	0.308933	0.309491	0.310006	0.310479	0.310909	0.311296	 0.31164	0.311941	0.312197	 0.31241	0.312579	0.312703	0.312783	0.312818	0.312808	0.312752	0.312651	0.312504	0.312311	0.312072	0.311786	0.311454	0.311074	0.310648	0.310173	0.309651	0.309081	0.308463	0.307796	
0.178851	0.183216	0.187558	0.191874	0.196161	0.200416	0.204636	0.208817	0.212959	0.217058	0.221112	0.225119	0.229077	0.232983	0.236838	0.240637	0.244381	0.248067	0.251695	0.255262	0.258768	0.262212	0.265591	0.268906	0.272156	0.275339	0.278455	0.281503	0.284482	0.287391	 0.29023	

0.288049	0.286154	0.284209	0.282215	 0.28017	0.278076	0.275931	0.273735	 0.27149	0.269193	0.266846	0.264448	   0.262	  0.2595	0.256951	 0.25435	0.251699	0.248997	0.246245	0.243442	0.240589	0.237687	0.234734	0.231732	 0.22868	 0.22558	0.222431	0.219233	0.215987	0.212694	0.209353	
 0.31057	0.311165	0.311718	0.312229	0.312697	0.313124	0.313508	0.313848	0.314146	0.314401	0.314612	0.314779	0.314902	0.314982	0.315016	0.315006	0.314952	0.314852	0.314706	0.314515	0.314279	0.313996	0.313667	0.313291	0.312869	0.312399	0.311883	0.311318	0.310706	0.310046	0.309338	
 0.18352	 0.18784	0.192135	  0.1964	0.200634	0.204833	0.208996	0.213118	0.217199	0.221235	0.225226	0.229168	 0.23306	  0.2369	0.240686	0.244418	0.248093	 0.25171	0.255267	0.258765	  0.2622	0.265573	0.268882	0.272127	0.275306	0.278418	0.281463	0.284441	 0.28735	0.290189	0.292959	

0.287675	0.285749	0.283774	0.281749	0.279675	0.277551	0.275377	0.273153	0.270879	0.268555	0.266181	0.263757	0.261283	0.258758	0.256183	0.253558	0.250883	0.248159	0.245384	0.242559	0.239685	0.236762	0.233789	0.230768	0.227698	0.224579	0.221413	0.218198	0.214937	0.211628	0.208273	
0.312354	0.312906	0.313415	0.313883	0.314309	0.314693	0.315035	0.315334	 0.31559	0.315803	0.315973	0.316099	0.316182	0.316221	0.316215	0.316165	0.316071	0.315932	0.315747	0.315518	0.315243	0.314922	0.314555	0.314142	0.313682	0.313176	0.312623	0.312022	0.311374	0.310679	0.309935	
0.190632	0.194924	0.199187	0.203418	0.207615	0.211773	0.215892	0.219969	0.224001	0.227987	0.231924	0.235811	0.239647	0.243428	0.247155	0.250825	0.254437	0.257991	0.261483	0.264915	0.268283	0.271589	 0.27483	0.278005	0.281115	0.284157	0.287132	0.290039	0.292876	0.295644	0.298342	

0.286795	0.284842	 0.28284	0.280789	 0.27869	 0.27654	0.274342	0.272094	0.269797	 0.26745	0.265053	0.262607	0.260112	0.257567	0.254972	0.252327	0.249634	0.246891	0.244099	0.241257	0.238367	0.235429	0.232441	0.229406	0.226323	0.223192	0.220014	0.216788	0.213517	0.210199	0.206835	
0.314763	 0.31527	0.315737	0.316161	0.316544	0.316885	0.317184	0.317441	0.317654	0.317825	0.317953	0.318038	0.318079	0.318076	0.318029	0.317939	0.317803	0.317624	0.317399	0.317129	0.316814	0.316453	0.316047	0.315595	0.315096	0.314551	0.313959	 0.31332	0.312634	  0.3119	0.311119	
0.195807	0.200047	0.204254	0.208427	0.212562	0.216658	0.220712	0.224722	0.228685	0.232601	0.236467	0.240281	0.244042	0.247749	  0.2514	0.254994	0.258529	0.262004	0.265419	0.268771	0.272061	0.275287	0.278449	0.281545	0.284574	0.287537	0.290433	 0.29326	0.296018	0.298707	0.301326	

0.285461	0.283484	0.281459	0.279386	0.277263	0.275093	0.272873	0.270605	0.268287	0.265921	0.263506	0.261042	0.258529	0.255967	0.253356	0.250697	0.247988	0.245232	0.242426	0.239573	0.236671	0.233721	0.230724	0.227679	0.224588	0.221449	0.218264	0.215033	0.211756	0.208434	0.205067	
0.316348	0.316812	0.317235	0.317616	0.317956	0.318255	0.318511	0.318726	0.318898	0.319027	0.319114	0.319158	0.319158	0.319116	0.319029	0.318899	0.318725	0.318506	0.318243	0.317935	0.317582	0.317184	0.316741	0.316252	0.315717	0.315135	0.314508	0.313834	0.313113	0.312345	 0.31153	
0.199945	0.204119	0.208259	0.212362	0.216425	0.220448	0.224427	0.228362	0.232249	0.236087	0.239874	 0.24361	0.247291	0.250918	0.254488	0.258001	0.261456	 0.26485	0.268183	0.271455	0.274664	0.277809	 0.28089	0.283906	0.286856	 0.28974	0.292556	0.295304	0.297984	0.300595	0.303137	

0.284916	 0.28291	0.280856	0.278753	0.276603	0.274404	0.272157	0.269862	0.267519	0.265127	0.262687	0.260198	0.257661	0.255075	0.252442	 0.24976	 0.24703	0.244252	0.241427	0.238554	0.235633	0.232665	 0.22965	0.226589	0.223481	0.220328	0.217128	0.213883	0.210594	 0.20726	0.203881	
0.316988	0.317408	0.317787	0.318125	0.318422	0.318678	0.318892	0.319064	0.319194	0.319283	0.319328	0.319332	0.319292	0.319209	0.319083	0.318914	0.318701	0.318444	0.318143	0.317798	0.317408	0.316973	0.316493	0.315968	0.315397	0.314781	0.314119	 0.31341	0.312656	0.311854	0.311006	
0.205422	0.209538	0.213616	0.217657	0.221656	0.225612	0.229524	0.233389	0.237206	0.240972	0.244687	0.248349	0.251956	0.255508	0.259003	 0.26244	0.265818	0.269135	0.272392	0.275586	0.278718	0.281786	0.284789	0.287728	  0.2906	0.293407	0.296146	0.298817	0.301421	0.303956	0.306421	

 0.28265	0.280626	0.278553	0.276434	0.274267	0.272053	0.269791	0.267482	0.265125	0.262721	0.260268	0.257769	0.255222	0.252627	0.249985	0.247295	0.244559	0.241775	0.238944	0.236067	0.233144	0.230174	0.227158	0.224096	0.220989	0.217838	0.214641	  0.2114	0.208116	0.204788	0.201417	
0.317145	0.317521	0.317857	0.318152	0.318407	0.318621	0.318793	0.318925	0.319014	0.319062	0.319068	0.319032	0.318953	0.318832	0.318668	0.318461	 0.31821	0.317916	0.317578	0.317197	0.316771	0.316301	0.315786	0.315227	0.314622	0.313973	0.313277	0.312536	 0.31175	0.310917	0.310038	
0.209231	 0.21327	0.217271	0.221232	0.225151	0.229026	0.232855	0.236636	0.240368	0.244049	0.247678	0.251254	0.254775	 0.25824	0.261648	0.264998	0.268289	 0.27152	0.274689	0.277797	0.280843	0.283825	0.286742	0.289596	0.292383	0.295105	0.297761	0.300349	0.302869	0.305322	0.307706	

0.280111	 0.27807	0.275983	0.273849	0.271669	0.269442	0.267168	0.264847	0.262479	0.260065	0.257604	0.255096	0.252541	 0.24994	0.247292	0.244598	0.241858	0.239072	0.236239	0.233361	0.230437	0.227469	0.224455	0.221397	0.218294	0.215147	0.211957	0.208724	0.205447	0.202129	0.198769	
0.316744	0.317078	0.317372	0.317627	 0.31784	0.318014	0.318146	0.318238	0.318288	0.318297	0.318265	0.318191	0.318074	0.317916	0.317715	0.317472	0.317186	0.316857	0.316484	0.316069	0.315609	0.315106	0.314558	0.313966	 0.31333	0.312649	0.311923	0.311152	0.310335	0.309473	0.308565	
0.212547	0.216505	0.220423	  0.2243	0.228133	0.231922	0.235664	0.239358	0.243002	0.246595	0.250136	0.253623	0.257055	0.260431	 0.26375	0.267012	0.270214	0.273356	0.276438	0.279459	0.282417	0.285312	0.288144	0.290911	0.293614	0.296252	0.298823	0.301328	0.303766	0.306137	 0.30844	

0.277329	0.275274	0.273174	0.271028	0.268836	0.266598	0.264314	0.261984	0.259608	0.257187	0.254719	0.252205	0.249646	0.247041	 0.24439	0.241694	0.238952	0.236166	0.233334	0.230458	0.227537	0.224572	0.221563	0.218511	0.215415	0.212277	0.209096	0.205873	0.202608	0.199302	0.195956	
0.315928	0.316221	0.316474	0.316687	0.316861	0.316994	0.317087	 0.31714	0.317152	0.317123	0.317053	0.316942	0.316789	0.316595	0.316358	 0.31608	0.315759	0.315396	 0.31499	0.314541	0.314049	0.313513	0.312934	0.312311	0.311644	0.310933	0.310177	0.309377	0.308532	0.307642	0.306707	
0.215494	0.219366	0.223198	0.226987	0.230733	0.234433	0.238086	 0.24169	0.245244	0.248747	0.252198	0.255595	0.258937	0.262223	0.265453	0.268625	0.271738	0.274791	0.277785	0.280718	0.283589	0.286397	0.289143	0.291825	0.294443	0.296996	0.299484	0.301907	0.304263	0.306552	0.308775	

