  1.7836	 1.60611	  1.5251	 1.48831	 1.47224	 1.46612	  1.4649	 1.46614	 1.46863	 1.47173	 1.47512	 1.47863	 1.48213	 1.48558	 1.48894	 1.49219	 1.49531	  1.4983	 1.50116	 1.50388	 1.50649	 1.50898	 1.51138	 1.51371	 1.51602	 1.51839	 1.52101	 1.52422	 1.52875	 1.53618	 1.55003	
 1.13172	 1.09577	 1.07622	 1.06457	 1.05709	 1.05208	 1.04871	 1.04656	 1.04538	 1.04501	 1.04536	 1.04635	 1.04791	 1.05001	  1.0526	 1.05565	 1.05914	 1.06305	 1.06737	 1.07209	 1.07724	 1.08287	 1.08909	 1.09609	  1.1043	 1.11457	 1.12868	 1.15044	 1.18837	 1.26182	 1.41589	
 294.891	 89.9186	 31.7521	  13.364	  6.7633	 4.05202	  2.7859	 2.12464	 1.74574	 1.51155	 1.35747	 1.25062	 1.17307	 1.11451	 1.06869	 1.03171	 1.00103	0.974959	 0.95234	0.932372	0.914489	0.898286	0.883475	0.869853	0.857291	0.845742	0.835305	 0.82645	0.820869	0.824681	0.861396	

 1.67418	 1.56351	 1.51339	 1.49131	 1.48249	 1.48006	 1.48077	 1.48302	 1.48603	 1.48938	 1.49285	 1.49632	 1.49973	 1.50302	 1.50619	 1.50921	 1.51208	 1.51479	 1.51735	 1.51977	 1.52203	 1.52416	 1.52616	 1.52806	 1.52987	 1.53165	  1.5335	 1.53557	 1.53823	 1.54225	 1.54928	
 1.06649	 1.05358	 1.04633	  1.0421	 1.03969	 1.03852	 1.03828	  1.0388	 1.03997	 1.04173	   1.044	 1.04676	 1.04996	 1.05357	 1.05756	 1.06192	 1.06663	 1.07167	 1.07703	 1.08271	 1.08873	 1.09511	 1.10192	 1.10931	 1.11754	 1.12718	 1.13938	 1.15664	 1.18437	  1.2348	 1.33598	
 182.639	 57.5415	 20.9755	 9.13944	 4.81861	 3.02474	 2.18148	 1.73883	 1.48379	 1.32501	 1.21952	 1.14544	 1.09085	 1.04888	  1.0154	0.987802	0.964422	0.944142	0.926206	 0.91009	0.895427	0.881958	0.869498	0.857918	0.847131	0.837091	 0.82781	0.819426	0.812471	0.808841	0.815619	

 1.60308	 1.53535	 1.50528	 1.49282	 1.48873	 1.48867	 1.49057	 1.49341	 1.49667	 1.50008	  1.5035	 1.50684	 1.51007	 1.51316	 1.51609	 1.51885	 1.52145	 1.52387	 1.52613	 1.52823	 1.53016	 1.53195	 1.53359	 1.53511	 1.53652	 1.53784	 1.53914	  1.5405	 1.54212	 1.54439	 1.54814	
 1.03193	 1.02759	 1.02579	 1.02548	 1.02617	  1.0276	 1.02964	  1.0322	 1.03522	 1.03867	  1.0425	  1.0467	 1.05124	 1.05609	 1.06124	 1.06668	 1.07239	 1.07837	 1.08459	 1.09107	 1.09781	 1.10483	 1.11216	 1.11991	 1.12825	 1.13754	 1.14854	 1.16283	 1.18386	 1.21927	 1.28638	
 102.573	 33.6496	 12.8186	 5.89071	 3.31099	 2.22552	 1.71044	 1.43779	 1.27913	 1.17906	 1.11144	 1.06294	 1.02632	0.997389	0.973653	0.953541	0.936042	0.920492	 0.90644	0.893581	0.881701	0.870654	0.860337	0.850681	 0.84164	0.833192	 0.82534	0.818143	0.811822	0.807129	 0.80678	

 1.55568	 1.51423	 1.49648	  1.4899	 1.48864	 1.48993	 1.49244	 1.49549	 1.49876	 1.50205	 1.50528	 1.50839	 1.51136	 1.51416	  1.5168	 1.51925	 1.52153	 1.52364	 1.52557	 1.52734	 1.52894	 1.53038	 1.53168	 1.53284	 1.53388	 1.53481	 1.53566	  1.5365	 1.53741	 1.53861	 1.54049	
 1.01188	 1.01233	 1.01384	 1.01607	 1.01885	  1.0221	 1.02574	 1.02976	 1.03411	 1.03877	 1.04373	 1.04896	 1.05446	 1.06021	 1.06619	 1.07241	 1.07883	 1.08547	  1.0923	 1.09934	 1.10657	 1.11402	 1.12171	  1.1297	  1.1381	 1.14716	 1.15737	 1.16975	 1.18651	  1.2125	 1.25856	
 52.7748	 18.1776	 7.36873	 3.67434	 2.26951	 1.66906	 1.38034	 1.22534	  1.1335	  1.0742	 1.03293	 1.00231	 0.97831	 0.95863	0.941884	0.927214	0.914072	0.902101	0.891062	0.880797	0.871199	0.862198	0.853747	0.845816	 0.83839	0.831461	0.825034	0.819133	 0.81383	 0.80936	0.806525	

 1.52012	 1.49516	 1.48512	 1.48216	 1.48256	 1.48455	 1.48728	 1.49029	 1.49338	 1.49643	 1.49936	 1.50215	 1.50479	 1.50725	 1.50953	 1.51164	 1.51358	 1.51533	 1.51692	 1.51834	 1.51961	 1.52072	 1.52168	 1.52252	 1.52323	 1.52384	 1.52437	 1.52488	 1.52545	 1.52626	 1.52766	
 1.00501	 1.00708	 1.01004	 1.01359	 1.01757	  1.0219	 1.02655	 1.03148	 1.03668	 1.04213	  1.0478	  1.0537	 1.05981	 1.06612	 1.07262	  1.0793	 1.08615	 1.09317	 1.10036	  1.1077	  1.1152	 1.12286	  1.1307	 1.13876	 1.14712	 1.15593	 1.16551	 1.17652	 1.19039	 1.21019	 1.24272	
 25.5065	 9.36519	 4.16544	 2.34134	 1.63263	 1.32396	  1.1726	 1.08933	 1.03839	 1.00415	0.979198	0.959752	0.943759	0.930046	0.917917	0.906943	0.896855	0.887482	0.878713	0.870478	0.862734	0.855455	0.848627	0.842245	 0.83631	0.830828	0.825813	0.821297	 0.81736	0.814235	0.812693	

 1.48988	 1.47536	 1.47015	 1.46936	 1.47067	 1.47294	 1.47562	 1.47843	 1.48122	 1.48392	 1.48649	 1.48891	 1.49116	 1.49324	 1.49515	 1.49688	 1.49844	 1.49984	 1.50108	 1.50216	 1.50308	 1.50387	 1.50452	 1.50504	 1.50545	 1.50576	 1.50601	 1.50623	 1.50649	 1.50695	  1.5079	
 1.00301	 1.00704	 1.01134	 1.01591	 1.02073	 1.02579	 1.03107	 1.03656	 1.04226	 1.04816	 1.05424	 1.06051	 1.06694	 1.07354	 1.08029	 1.08719	 1.09423	  1.1014	 1.10871	 1.11614	 1.12369	 1.13137	 1.13919	 1.14717	 1.15535	 1.16384	 1.17284	 1.18278	 1.19457	 1.21015	 1.23374	
 12.1937	 4.90883	 2.49619	 1.62859	 1.28366	 1.12972	 1.05191	 1.00734	0.978656	0.958224	0.942414	0.929378	0.918118	0.908068	0.898898	0.890408	0.882477	0.875032	0.868028	0.861442	0.855262	0.849483	0.844108	0.839141	0.834589	 0.83046	0.826764	0.823508	0.820701	 0.81835	0.816462	

  1.4601	 1.45286	 1.45098	 1.45162	 1.45343	 1.45575	 1.45825	 1.46076	 1.46319	  1.4655	 1.46767	 1.46968	 1.47153	 1.47321	 1.47473	 1.47608	 1.47728	 1.47832	 1.47921	 1.47996	 1.48056	 1.48103	 1.48138	 1.48161	 1.48173	 1.48175	 1.48167	 1.48152	 1.48129	 1.48101	 1.48068	
 1.00726	 1.01185	 1.01665	 1.02167	 1.02689	  1.0323	 1.03789	 1.04366	  1.0496	  1.0557	 1.06196	 1.06836	  1.0749	 1.08157	 1.08837	 1.09529	 1.10233	 1.10947	 1.11671	 1.12406	 1.13149	 1.13903	 1.14666	  1.1544	 1.16227	 1.17035	 1.17874	 1.18771	 1.19778	 1.21008	 1.22706	
 6.11207	 2.80646	 1.68331	 1.26927	  1.1002	 1.02219	0.980928	0.955884	0.938656	0.925534	0.914754	 0.90542	0.897053	0.889388	0.882271	0.875615	0.869369	0.863507	0.858016	0.852891	0.848136	0.843754	0.839754	0.836145	0.832933	 0.83013	0.827743	0.825779	0.824247	0.823151	0.822497	

 1.43312	 1.42941	   1.429	 1.43013	 1.43195	 1.43405	 1.43621	 1.43832	 1.44034	 1.44222	 1.44397	 1.44556	   1.447	 1.44829	 1.44943	 1.45042	 1.45126	 1.45196	 1.45253	 1.45297	 1.45329	 1.45349	 1.45358	 1.45357	 1.45347	 1.45328	 1.45301	 1.45268	  1.4523	 1.45187	 1.45142	
 1.01389	 1.01878	 1.02384	 1.02908	 1.03449	 1.04005	 1.04576	 1.05162	 1.05762	 1.06375	    1.07	 1.07637	 1.08286	 1.08946	 1.09615	 1.10295	 1.10983	  1.1168	 1.12384	 1.13096	 1.13815	 1.14541	 1.15275	 1.16015	 1.16766	 1.17529	 1.18313	 1.19134	 1.20026	 1.21059	 1.22387	
 3.42154	 1.84577	 1.29709	 1.08948	 1.00196	0.959793	0.936186	0.920865	0.909599	0.900513	0.892715	0.885757	0.879402	0.873522	0.868047	0.862939	0.858179	0.853761	0.849684	0.845951	 0.84257	0.839548	0.836892	0.834612	0.832714	0.831207	0.830096	0.829389	0.829088	0.829199	0.829723	

 1.40558	 1.40406	 1.40448	 1.40578	 1.40744	 1.40923	   1.411	  1.4127	 1.41429	 1.41575	 1.41707	 1.41825	  1.4193	  1.4202	 1.42097	 1.42161	 1.42213	 1.42252	 1.42279	 1.42295	 1.42301	 1.42297	 1.42283	 1.42262	 1.42233	 1.42197	 1.42155	 1.42109	 1.42059	 1.42007	 1.41953	
  1.0214	 1.02641	 1.03158	 1.03688	 1.04233	  1.0479	 1.05359	  1.0594	 1.06532	 1.07135	 1.07748	 1.08371	 1.09003	 1.09643	  1.1029	 1.10946	 1.11608	 1.12276	  1.1295	  1.1363	 1.14315	 1.15004	 1.15698	 1.16397	 1.17103	 1.17816	 1.18542	  1.1929	 1.20082	  1.2096	 1.22014	
  2.2188	 1.39922	 1.10696	0.993341	0.943754	0.918733	0.903916	0.893735	 0.88588	0.879323	0.873577	0.868401	0.863669	0.859314	0.855304	0.851622	0.848262	0.845224	0.842511	 0.84013	0.838087	0.836388	 0.83504	0.834049	0.833422	0.833162	0.833274	0.833762	0.834627	 0.83587	0.837491	

 1.37764	 1.37705	 1.37768	 1.37885	 1.38023	 1.38165	 1.38303	 1.38432	  1.3855	 1.38656	  1.3875	 1.38832	 1.38901	 1.38958	 1.39003	 1.39037	  1.3906	 1.39073	 1.39075	 1.39069	 1.39054	 1.39031	    1.39	 1.38963	 1.38921	 1.38874	 1.38823	 1.38769	 1.38713	 1.38656	   1.386	
 1.03031	 1.03535	  1.0405	 1.04577	 1.05114	 1.05662	  1.0622	 1.06786	 1.07362	 1.07946	 1.08538	 1.09137	 1.09743	 1.10355	 1.10973	 1.11596	 1.12225	 1.12858	 1.13494	 1.14135	 1.14778	 1.15425	 1.16075	 1.16727	 1.17383	 1.18044	 1.18713	 1.19396	 1.20108	 1.20875	 1.21757	
 1.64517	 1.17491	 1.00338	0.934969	0.904152	   0.888	0.878047	0.870977	0.865405	0.860712	0.856609	0.852949	0.849661	0.846707	0.844068	0.841739	0.839716	0.838002	0.836601	0.835517	0.834756	0.834321	0.834217	0.834449	0.835018	0.835929	0.837181	0.838776	0.840713	0.842991	0.845608	

  1.3497	 1.35005	 1.35094	 1.35202	 1.35316	 1.35425	 1.35527	 1.35619	   1.357	  1.3577	 1.35829	 1.35876	 1.35914	  1.3594	 1.35957	 1.35964	 1.35962	 1.35951	 1.35933	 1.35906	 1.35873	 1.35834	  1.3579	  1.3574	 1.35687	 1.35631	 1.35573	 1.35514	 1.35454	 1.35396	 1.35339	
 1.04073	 1.04571	 1.05077	 1.05593	 1.06117	 1.06649	 1.07188	 1.07735	 1.08288	 1.08847	 1.09412	 1.09983	 1.10558	 1.11138	 1.11721	 1.12308	 1.12899	 1.13492	 1.14087	 1.14685	 1.15284	 1.15884	 1.16486	 1.17089	 1.17693	 1.18299	 1.18908	 1.19523	 1.20151	 1.20806	 1.21514	
 1.34622	 1.05264	0.943423	0.898981	0.878562	0.867675	0.860901	0.856097	0.852359	0.849283	0.846681	0.844457	0.842565	0.840981	0.839694	  0.8387	0.837998	0.837589	0.837476	0.837662	 0.83815	0.838941	0.840037	0.841441	0.843152	 0.84517	0.847495	0.850125	0.853057	0.856288	0.859814	

 1.32263	 1.32273	  1.3233	 1.32405	 1.32484	  1.3256	 1.32629	 1.32689	  1.3274	 1.32782	 1.32814	 1.32837	  1.3285	 1.32855	 1.32851	  1.3284	 1.32821	 1.32795	 1.32762	 1.32724	 1.32681	 1.32633	 1.32582	 1.32527	  1.3247	 1.32412	 1.32353	 1.32295	 1.32238	 1.32184	 1.32133	
 1.04244	  1.0473	 1.05223	 1.05724	 1.06231	 1.06744	 1.07263	 1.07787	 1.08316	  1.0885	 1.09388	 1.09929	 1.10474	 1.11021	 1.11572	 1.12124	 1.12678	 1.13234	 1.13791	 1.14349	 1.14908	 1.15467	 1.16026	 1.16585	 1.17145	 1.17705	 1.18268	 1.18835	 1.19413	 1.20014	 1.20663	
 1.19796	 1.00366	0.930581	0.900823	0.887401	0.880577	0.876662	0.874182	0.872512	 0.87137	0.870623	0.870206	0.870083	0.870239	0.870665	0.871356	0.872311	 0.87353	0.875013	 0.87676	0.878771	0.881046	0.883585	0.886386	0.889447	0.892766	0.896339	0.900162	0.904232	0.908541	0.913085	

 1.30948	 1.30909	 1.30917	 1.30944	 1.30976	 1.31006	 1.31031	 1.31049	 1.31059	 1.31061	 1.31055	  1.3104	 1.31018	 1.30989	 1.30953	  1.3091	 1.30861	 1.30807	 1.30748	 1.30684	 1.30617	 1.30547	 1.30475	 1.30401	 1.30326	 1.30251	 1.30178	 1.30106	 1.30036	 1.29971	  1.2991	
 1.04849	 1.05322	   1.058	 1.06283	 1.06771	 1.07263	  1.0776	  1.0826	 1.08763	  1.0927	 1.09779	  1.1029	 1.10804	 1.11319	 1.11835	 1.12353	 1.12871	 1.13389	 1.13908	 1.14426	 1.14945	 1.15462	 1.15979	 1.16496	 1.17012	 1.17528	 1.18046	 1.18568	 1.19101	 1.19655	 1.20256	
 1.06126	0.924851	0.872615	0.850966	 0.84105	0.835969	0.833077	0.831308	0.830206	0.829563	0.829282	0.829314	0.829634	0.830229	0.831091	0.832217	0.833606	0.835256	0.837166	0.839334	0.841761	0.844444	 0.84738	0.850568	0.854004	0.857685	0.861604	0.865759	0.870142	0.874748	0.879569	

 1.29051	 1.29097	 1.29134	 1.29161	 1.29178	 1.29187	 1.29187	 1.29178	 1.29161	 1.29137	 1.29105	 1.29066	  1.2902	 1.28968	  1.2891	 1.28847	 1.28779	 1.28707	 1.28631	 1.28552	 1.28471	 1.28388	 1.28304	  1.2822	 1.28136	 1.28054	 1.27973	 1.27896	 1.27822	 1.27753	 1.27691	
 1.06863	 1.07321	 1.07781	 1.08246	 1.08713	 1.09183	 1.09656	  1.1013	 1.10607	 1.11084	 1.11563	 1.12043	 1.12524	 1.13004	 1.13485	 1.13965	 1.14445	 1.14924	 1.15401	 1.15878	 1.16353	 1.16826	 1.17298	 1.17767	 1.18234	 1.18698	  1.1916	 1.19619	 1.20075	 1.20528	 1.20978	
0.987986	0.889018	0.850882	0.835213	 0.82831	0.825092	0.823588	0.822995	0.822965	0.823341	0.824047	0.825045	0.826314	0.827842	0.829623	0.831653	0.833929	0.836448	0.839208	0.842206	0.845439	0.848904	0.852598	0.856515	0.860652	0.865004	0.869563	0.874324	0.879281	0.884425	0.889749	

 1.27729	 1.27743	 1.27747	 1.27743	  1.2773	  1.2771	 1.27681	 1.27645	 1.27602	 1.27552	 1.27496	 1.27434	 1.27366	 1.27293	 1.27216	 1.27134	 1.27048	  1.2696	 1.26869	 1.26775	 1.26681	 1.26586	  1.2649	 1.26396	 1.26303	 1.26212	 1.26125	 1.26041	 1.25963	  1.2589	 1.25824	
 1.07762	 1.08205	 1.08652	   1.091	 1.09549	 1.10001	 1.10453	 1.10906	  1.1136	 1.11815	 1.12269	 1.12723	 1.13177	 1.13629	 1.14081	 1.14532	 1.14981	 1.15429	 1.15875	 1.16319	  1.1676	 1.17199	 1.17636	  1.1807	 1.18501	 1.18929	 1.19354	 1.19775	 1.20194	 1.20609	  1.2102	
0.935062	0.862344	0.834358	0.823158	0.818623	0.816948	0.816642	0.817091	0.818026	0.819325	0.820927	0.822801	 0.82493	0.827303	0.829914	0.832759	0.835832	 0.83913	0.842649	0.846386	0.850336	0.854495	0.858857	0.863418	0.868171	 0.87311	0.878228	0.883518	0.888972	0.894582	0.900339	

 1.26694	 1.26678	 1.26654	 1.26622	 1.26583	 1.26537	 1.26483	 1.26423	 1.26357	 1.26284	 1.26207	 1.26124	 1.26036	 1.25944	 1.25848	 1.25749	 1.25648	 1.25544	 1.25438	 1.25331	 1.25224	 1.25117	 1.25011	 1.24906	 1.24804	 1.24705	  1.2461	  1.2452	 1.24435	 1.24358	 1.24288	
 1.08477	  1.0891	 1.09345	  1.0978	 1.10216	 1.10652	 1.11089	 1.11525	 1.11961	 1.12397	 1.12831	 1.13264	 1.13696	 1.14127	 1.14555	 1.14982	 1.15406	 1.15828	 1.16248	 1.16665	 1.17079	  1.1749	 1.17898	 1.18303	 1.18705	 1.19103	 1.19497	 1.19888	 1.20275	 1.20659	 1.21039	
0.904317	0.850073	0.829383	0.821485	0.818755	0.818293	0.818949	0.820242	0.821963	0.824013	0.826344	0.828929	0.831753	0.834806	0.838081	0.841574	0.845278	 0.84919	0.853304	0.857615	0.862118	0.866808	0.871678	0.876723	0.881934	0.887305	0.892829	0.898498	0.904302	0.910233	0.916283	

  1.2584	   1.258	 1.25752	 1.25697	 1.25635	 1.25567	 1.25492	 1.25412	 1.25325	 1.25234	 1.25138	 1.25037	 1.24933	 1.24824	 1.24713	   1.246	 1.24484	 1.24366	 1.24248	  1.2413	 1.24011	 1.23894	 1.23778	 1.23664	 1.23554	 1.23447	 1.23345	 1.23249	 1.23159	 1.23076	 1.23001	
 1.09194	 1.09618	 1.10042	 1.10467	 1.10891	 1.11314	 1.11737	 1.12159	 1.12579	 1.12998	 1.13415	  1.1383	 1.14244	 1.14655	 1.15063	 1.15469	 1.15872	 1.16272	 1.16669	 1.17063	 1.17453	  1.1784	 1.18223	 1.18603	 1.18979	 1.19351	 1.19719	 1.20084	 1.20444	   1.208	 1.21153	
0.882808	0.842546	0.827511	0.822248	0.821007	0.821572	0.823057	0.825086	0.827494	0.830201	0.833167	0.836371	  0.8398	0.843442	0.847293	0.851345	0.855592	 0.86003	0.864652	0.869453	0.874426	0.879564	0.884863	0.890313	0.895907	0.901638	0.907497	0.913477	0.919567	0.925759	0.932043	

 1.25165	 1.25104	 1.25035	  1.2496	 1.24878	  1.2479	 1.24697	 1.24598	 1.24494	 1.24386	 1.24273	 1.24157	 1.24037	 1.23914	 1.23789	 1.23662	 1.23534	 1.23404	 1.23274	 1.23145	 1.23016	 1.22889	 1.22764	 1.22642	 1.22523	 1.22409	   1.223	 1.22197	 1.22101	 1.22013	 1.21934	
 1.10307	 1.10719	  1.1113	 1.11541	  1.1195	 1.12358	 1.12765	 1.13169	 1.13572	 1.13973	 1.14371	 1.14766	 1.15159	 1.15549	 1.15936	  1.1632	   1.167	 1.17077	  1.1745	  1.1782	 1.18185	 1.18547	 1.18905	 1.19259	 1.19608	 1.19954	 1.20295	 1.20633	 1.20965	 1.21294	 1.21619	
0.868433	0.838397	0.827617	0.824417	0.824395	0.825837	0.828048	0.830732	0.833754	0.837051	 0.84059	0.844351	0.848321	0.852493	0.856857	0.861408	0.866139	0.871044	0.876117	0.881351	0.886738	0.892273	0.897947	0.903753	0.909682	0.915726	0.921878	0.928126	0.934463	0.940879	0.947364	

 1.24661	  1.2458	 1.24493	   1.244	   1.243	 1.24195	 1.24085	  1.2397	  1.2385	 1.23727	 1.23599	 1.23468	 1.23335	 1.23199	 1.23061	 1.22921	 1.22781	  1.2264	 1.22499	 1.22359	  1.2222	 1.22084	  1.2195	 1.21819	 1.21692	 1.21571	 1.21455	 1.21345	 1.21243	 1.21149	 1.21065	
  1.1202	 1.12416	  1.1281	 1.13202	 1.13593	 1.13981	 1.14368	 1.14751	 1.15133	 1.15511	 1.15886	 1.16258	 1.16627	 1.16993	 1.17355	 1.17713	 1.18067	 1.18418	 1.18764	 1.19106	 1.19444	 1.19778	 1.20107	 1.20433	 1.20753	 1.21069	 1.21381	 1.21689	 1.21992	  1.2229	 1.22584	
0.855469	0.832497	0.824773	0.823146	0.824125	0.826332	0.829204	0.832496	0.836099	0.839956	0.844041	0.848333	0.852823	0.857501	0.862359	0.867389	0.872586	0.877942	 0.88345	0.889103	0.894893	0.900813	0.906855	 0.91301	 0.91927	0.925626	 0.93207	0.938591	0.945181	 0.95183	0.958527	

 1.24346	 1.24247	 1.24142	 1.24032	 1.23915	 1.23794	 1.23668	 1.23537	 1.23402	 1.23263	 1.23122	 1.22977	 1.22829	  1.2268	 1.22529	 1.22377	 1.22225	 1.22073	 1.21921	  1.2177	 1.21621	 1.21475	 1.21331	 1.21191	 1.21056	 1.20926	 1.20802	 1.20685	 1.20576	 1.20475	 1.20385	
 1.13569	 1.13951	  1.1433	 1.14707	 1.15081	 1.15453	 1.15822	 1.16188	  1.1655	 1.16909	 1.17265	 1.17617	 1.17965	  1.1831	  1.1865	 1.18986	 1.19318	 1.19646	 1.19969	 1.20288	 1.20602	 1.20911	 1.21216	 1.21516	 1.21812	 1.22103	 1.22389	  1.2267	 1.22947	 1.23219	 1.23487	
  0.8409	0.823303	0.818007	0.817707	0.819583	0.822508	0.826017	0.829907	0.834082	0.838496	0.843122	0.847945	0.852954	0.858138	 0.86349	0.869002	0.874667	0.880477	0.886425	0.892503	0.898703	0.905017	0.911437	0.917953	0.924558	0.931241	0.937994	0.944807	 0.95167	0.958574	0.965508	

 1.24152	 1.24037	 1.23915	 1.23789	 1.23657	  1.2352	 1.23379	 1.23233	 1.23084	 1.22932	 1.22776	 1.22618	 1.22458	 1.22296	 1.22133	 1.21969	 1.21805	 1.21641	 1.21479	 1.21318	 1.21158	 1.21002	 1.20849	   1.207	 1.20556	 1.20418	 1.20286	 1.20161	 1.20044	 1.19937	 1.19839	
 1.13912	 1.14292	 1.14669	 1.15044	 1.15415	 1.15784	 1.16149	  1.1651	 1.16868	 1.17221	 1.17571	 1.17917	 1.18258	 1.18595	 1.18928	 1.19255	 1.19579	 1.19897	 1.20211	  1.2052	 1.20824	 1.21123	 1.21418	 1.21707	 1.21991	  1.2227	 1.22545	 1.22814	 1.23079	 1.23338	 1.23593	
0.828428	0.816107	0.813212	0.814212	0.816948	0.820547	0.824643	0.829076	 0.83377	0.838684	0.843797	0.849094	0.854564	0.860198	0.865988	0.871926	0.878004	0.884214	0.890549	0.896999	0.903558	0.910215	0.916964	0.923793	0.930696	0.937661	 0.94468	0.951742	0.958839	 0.96596	0.973095	

 1.24081	  1.2395	 1.23813	 1.23671	 1.23525	 1.23373	 1.23218	 1.23058	 1.22895	 1.22729	 1.22561	  1.2239	 1.22217	 1.22043	 1.21868	 1.21692	 1.21517	 1.21342	 1.21169	 1.20997	 1.20828	 1.20662	 1.20499	 1.20341	 1.20188	 1.20041	 1.19901	 1.19768	 1.19643	 1.19528	 1.19423	
 1.13854	 1.14238	 1.14618	 1.14995	 1.15369	 1.15739	 1.16105	 1.16467	 1.16824	 1.17178	 1.17527	 1.17871	 1.18211	 1.18546	 1.18876	 1.19201	 1.19521	 1.19836	 1.20146	 1.20451	  1.2075	 1.21044	 1.21334	 1.21617	 1.21896	 1.22169	 1.22437	   1.227	 1.22958	 1.23211	 1.23459	
0.844242	0.835444	0.834116	0.835929	0.839173	0.843148	0.847558	0.852271	0.857222	0.862378	 0.86772	0.873232	0.878906	0.884732	0.890701	0.896805	0.903036	0.909386	0.915847	0.922411	0.929068	 0.93581	0.942628	0.949513	0.956455	0.963445	0.970473	0.977531	0.984606	0.991691	0.998774	

 1.24081	 1.23935	 1.23784	 1.23628	 1.23467	 1.23302	 1.23133	 1.22961	 1.22785	 1.22606	 1.22425	 1.22241	 1.22057	 1.21871	 1.21684	 1.21498	 1.21311	 1.21126	 1.20942	  1.2076	 1.20581	 1.20405	 1.20233	 1.20066	 1.19904	 1.19748	   1.196	 1.19459	 1.19326	 1.19203	 1.19091	
 1.15189	 1.15563	 1.15933	   1.163	 1.16662	  1.1702	 1.17374	 1.17723	 1.18068	 1.18408	 1.18743	 1.19073	 1.19399	 1.19719	 1.20034	 1.20343	 1.20647	 1.20946	  1.2124	 1.21528	  1.2181	 1.22087	 1.22359	 1.22625	 1.22885	 1.23141	  1.2339	 1.23635	 1.23874	 1.24107	 1.24336	
0.873153	0.866801	0.866547	0.868899	0.872463	0.876661	0.881247	0.886109	 0.89119	0.896462	0.901907	 0.90751	0.913263	0.919155	0.925179	0.931325	0.937586	0.943953	0.950418	0.956971	0.963605	 0.97031	0.977077	0.983897	 0.99076	0.997657	 1.00458	 1.01151	 1.01845	 1.02539	 1.03231	

 1.24154	 1.23995	  1.2383	  1.2366	 1.23486	 1.23308	 1.23126	 1.22941	 1.22753	 1.22562	 1.22368	 1.22173	 1.21977	  1.2178	 1.21582	 1.21385	 1.21188	 1.20992	 1.20798	 1.20606	 1.20417	 1.20232	 1.20051	 1.19875	 1.19704	  1.1954	 1.19382	 1.19233	 1.19093	 1.18962	 1.18843	
 1.18163	 1.18511	 1.18855	 1.19194	 1.19529	 1.19859	 1.20185	 1.20506	 1.20822	 1.21132	 1.21438	 1.21738	 1.22033	 1.22322	 1.22606	 1.22885	 1.23157	 1.23425	 1.23686	 1.23942	 1.24192	 1.24436	 1.24675	 1.24908	 1.25135	 1.25357	 1.25573	 1.25784	 1.25989	 1.26189	 1.26384	
0.837138	  0.8341	0.835602	 0.83909	0.843529	 0.84849	0.853785	0.859325	0.865067	0.870988	 0.87707	0.883301	0.889673	0.896174	0.902798	0.909535	0.916377	0.923315	 0.93034	0.937443	0.944616	0.951849	0.959132	0.966457	0.973813	0.981192	0.988582	0.995975	 1.00336	 1.01073	 1.01807	

 1.24266	 1.24094	 1.23916	 1.23734	 1.23547	 1.23357	 1.23163	 1.22965	 1.22765	 1.22563	 1.22358	 1.22152	 1.21944	 1.21736	 1.21528	  1.2132	 1.21113	 1.20907	 1.20703	 1.20502	 1.20304	 1.20109	 1.19919	 1.19734	 1.19554	 1.19381	 1.19216	 1.19059	 1.18911	 1.18772	 1.18645	
  1.1994	 1.20274	 1.20603	 1.20928	 1.21247	 1.21562	 1.21871	 1.22176	 1.22475	 1.22768	 1.23056	 1.23339	 1.23616	 1.23887	 1.24152	 1.24412	 1.24665	 1.24913	 1.25155	 1.25391	 1.25621	 1.25845	 1.26063	 1.26276	 1.26482	 1.26683	 1.26878	 1.27067	 1.27251	 1.27429	 1.27602	
0.840177	0.837861	0.839845	0.843729	0.848531	0.853839	0.859469	0.865337	0.871399	 0.87763	0.884014	0.890539	0.897195	0.903971	 0.91086	0.917851	0.924937	0.932109	0.939356	0.946671	0.954044	0.961466	0.968927	0.976417	0.983927	0.991448	0.998969	 1.00648	 1.01397	 1.02143	 1.02886	

 1.24441	 1.24256	 1.24066	 1.23871	 1.23672	  1.2347	 1.23264	 1.23055	 1.22843	 1.22629	 1.22413	 1.22196	 1.21978	 1.21759	  1.2154	 1.21322	 1.21105	 1.20889	 1.20675	 1.20464	 1.20256	 1.20053	 1.19853	 1.19659	 1.19471	  1.1929	 1.19116	 1.18951	 1.18795	 1.18649	 1.18514	
 1.18793	 1.19142	 1.19486	 1.19825	 1.20159	 1.20487	  1.2081	 1.21128	  1.2144	 1.21746	 1.22046	 1.22341	 1.22629	 1.22912	 1.23188	 1.23458	 1.23722	  1.2398	 1.24232	 1.24478	 1.24717	  1.2495	 1.25177	 1.25398	 1.25613	 1.25822	 1.26025	 1.26222	 1.26413	 1.26598	 1.26778	
0.900232	0.899261	0.901718	0.905719	0.910484	0.915682	0.921164	 0.92686	0.932733	 0.93876	0.944927	0.951223	0.957636	0.964159	0.970781	0.977495	 0.98429	0.991158	0.998091	 1.00508	 1.01211	 1.01918	 1.02628	 1.03339	 1.04051	 1.04763	 1.05474	 1.06182	 1.06888	 1.07589	 1.08285	

  1.2468	 1.24482	 1.24279	 1.24072	 1.23861	 1.23646	 1.23428	 1.23207	 1.22983	 1.22757	  1.2253	 1.22302	 1.22072	 1.21843	 1.21613	 1.21384	 1.21156	  1.2093	 1.20706	 1.20485	 1.20268	 1.20055	 1.19846	 1.19643	 1.19446	 1.19255	 1.19073	 1.18899	 1.18735	 1.18581	 1.18438	
 1.18509	 1.18865	 1.19216	 1.19561	 1.19901	 1.20235	 1.20563	 1.20886	 1.21203	 1.21513	 1.21818	 1.22116	 1.22408	 1.22694	 1.22973	 1.23246	 1.23513	 1.23773	 1.24027	 1.24274	 1.24515	 1.24749	 1.24978	 1.25199	 1.25415	 1.25624	 1.25827	 1.26024	 1.26215	   1.264	 1.26579	
0.837092	0.838441	0.842373	0.847501	0.853244	0.859352	0.865711	0.872264	0.878983	0.885846	0.892842	0.899959	0.907187	0.914517	 0.92194	0.929446	0.937027	0.944672	0.952374	0.960122	0.967908	0.975721	0.983552	0.991391	0.999229	 1.00705	 1.01486	 1.02263	 1.03037	 1.03805	 1.04567	

  1.2503	 1.24818	 1.24601	 1.24381	 1.24156	 1.23928	 1.23696	 1.23462	 1.23226	 1.22988	 1.22748	 1.22507	 1.22265	 1.22024	 1.21782	 1.21542	 1.21302	 1.21065	  1.2083	 1.20598	  1.2037	 1.20146	 1.19927	 1.19713	 1.19506	 1.19306	 1.19114	 1.18931	 1.18757	 1.18594	 1.18442	
 1.21118	 1.21452	 1.21781	 1.22104	 1.22421	 1.22732	 1.23037	 1.23336	 1.23629	 1.23915	 1.24195	 1.24469	 1.24736	 1.24997	 1.25251	 1.25498	 1.25739	 1.25973	 1.26201	 1.26422	 1.26636	 1.26844	 1.27045	  1.2724	 1.27428	  1.2761	 1.27786	 1.27955	 1.28119	 1.28276	 1.28427	
0.896387	0.898131	0.902129	0.907185	0.912795	0.918736	0.924908	 0.93126	0.937764	0.944401	0.951159	0.958027	0.964995	0.972054	0.979194	0.986406	0.993681	 1.00101	 1.00838	 1.01579	 1.02323	 1.03068	 1.03814	 1.04559	 1.05303	 1.06045	 1.06784	 1.07519	 1.08248	 1.08971	 1.09687	

 1.25486	 1.25258	 1.25026	 1.24791	 1.24551	 1.24308	 1.24063	 1.23815	 1.23564	 1.23312	 1.23058	 1.22804	 1.22549	 1.22294	  1.2204	 1.21786	 1.21534	 1.21284	 1.21037	 1.20793	 1.20553	 1.20317	 1.20086	 1.19862	 1.19643	 1.19432	 1.19229	 1.19035	 1.18851	 1.18678	 1.18517	
 1.25057	 1.25355	 1.25648	 1.25934	 1.26215	 1.26489	 1.26757	 1.27019	 1.27274	 1.27522	 1.27764	 1.27999	 1.28228	  1.2845	 1.28665	 1.28873	 1.29075	  1.2927	 1.29458	 1.29639	 1.29814	 1.29982	 1.30143	 1.30298	 1.30446	 1.30587	 1.30723	 1.30852	 1.30974	 1.31091	 1.31202	
0.876197	0.879347	0.884227	0.889942	0.896111	0.902565	0.909223	0.916045	0.923008	0.930094	0.937293	0.944593	0.951985	0.959459	0.967006	0.974617	0.982283	0.989994	 0.99774	 1.00551	  1.0133	  1.0211	  1.0289	 1.03668	 1.04444	 1.05217	 1.05986	  1.0675	 1.07507	 1.08258	    1.09	

 1.26134	 1.25889	 1.25639	 1.25385	 1.25128	 1.24868	 1.24605	  1.2434	 1.24072	 1.23803	 1.23533	 1.23263	 1.22991	 1.22721	  1.2245	 1.22181	 1.21914	 1.21649	 1.21387	 1.21128	 1.20873	 1.20623	 1.20379	  1.2014	 1.19908	 1.19683	 1.19467	 1.19261	 1.19064	 1.18878	 1.18704	
 1.24759	 1.25063	 1.25361	 1.25653	 1.25939	 1.26218	  1.2649	 1.26756	 1.27015	 1.27267	 1.27513	 1.27751	 1.27983	 1.28208	 1.28425	 1.28636	  1.2884	 1.29037	 1.29227	 1.29409	 1.29585	 1.29755	 1.29917	 1.30072	 1.30221	 1.30363	 1.30499	 1.30628	 1.30751	 1.30868	 1.30978	
0.884829	0.888235	0.893345	0.899281	0.905666	 0.91233	0.919192	0.926211	0.933363	0.940631	0.948003	0.955469	0.963017	0.970639	0.978325	0.986066	0.993853	 1.00168	 1.00953	 1.01739	 1.02527	 1.03314	   1.041	 1.04884	 1.05665	 1.06442	 1.07213	 1.07979	 1.08738	 1.09489	 1.10231	

 1.26857	 1.26592	 1.26324	 1.26051	 1.25776	 1.25498	 1.25217	 1.24933	 1.24648	 1.24362	 1.24075	 1.23787	 1.23499	 1.23211	 1.22925	  1.2264	 1.22356	 1.22075	 1.21798	 1.21524	 1.21254	 1.20989	 1.20729	 1.20476	  1.2023	 1.19991	 1.19762	 1.19541	 1.19331	 1.19132	 1.18946	
 1.22813	 1.23139	  1.2346	 1.23773	  1.2408	 1.24381	 1.24674	 1.24961	 1.25241	 1.25513	 1.25779	 1.26037	 1.26289	 1.26533	  1.2677	    1.27	 1.27223	 1.27438	 1.27646	 1.27847	 1.28041	 1.28228	 1.28408	 1.28581	 1.28747	 1.28906	 1.29059	 1.29204	 1.29344	 1.29476	 1.29603	
0.915815	0.919297	0.924457	0.930434	0.936851	0.943541	0.950422	0.957451	0.964605	0.971866	0.979222	0.986662	0.994176	 1.00175	 1.00939	 1.01707	 1.02478	 1.03252	 1.04028	 1.04805	 1.05581	 1.06356	 1.07129	 1.07899	 1.08666	 1.09427	 1.10182	  1.1093	  1.1167	 1.12402	 1.13124	

 1.27661	 1.27376	 1.27087	 1.26795	   1.265	 1.26202	 1.25901	 1.25599	 1.25295	 1.24989	 1.24683	 1.24377	 1.24071	 1.23766	 1.23461	 1.23158	 1.22858	  1.2256	 1.22265	 1.21974	 1.21688	 1.21407	 1.21132	 1.20863	 1.20601	 1.20348	 1.20103	 1.19868	 1.19643	  1.1943	  1.1923	
  1.2394	 1.24259	 1.24571	 1.24876	 1.25174	 1.25465	  1.2575	 1.26027	 1.26297	 1.26559	 1.26815	 1.27063	 1.27304	 1.27537	 1.27764	 1.27982	 1.28194	 1.28398	 1.28595	 1.28784	 1.28966	 1.29141	 1.29309	 1.29469	 1.29623	  1.2977	 1.29909	 1.30042	 1.30169	 1.30289	 1.30402	
0.892761	0.898102	0.904342	0.911055	0.918052	0.925245	0.932588	0.940056	0.947633	0.955306	0.963063	0.970896	0.978794	0.986749	 0.99475	 1.00279	 1.01086	 1.01894	 1.02704	 1.03513	 1.04321	 1.05128	 1.05931	 1.06731	 1.07526	 1.08315	 1.09098	 1.09872	 1.10638	 1.11395	 1.12141	

 1.28272	 1.27971	 1.27665	 1.27357	 1.27045	 1.26731	 1.26414	 1.26096	 1.25776	 1.25456	 1.25135	 1.24813	 1.24492	 1.24172	 1.23853	 1.23536	 1.23222	  1.2291	 1.22601	 1.22297	 1.21998	 1.21704	 1.21415	 1.21134	  1.2086	 1.20594	 1.20337	 1.20091	 1.19855	 1.19631	 1.19419	
 1.28167	 1.28446	 1.28718	 1.28984	 1.29242	 1.29493	 1.29736	 1.29973	 1.30202	 1.30423	 1.30637	 1.30844	 1.31044	 1.31235	  1.3142	 1.31596	 1.31766	 1.31928	 1.32082	 1.32229	 1.32369	 1.32501	 1.32626	 1.32744	 1.32855	 1.32959	 1.33056	 1.33147	  1.3323	 1.33307	 1.33378	
0.935909	0.941196	0.947364	0.953996	0.960903	0.967997	0.975233	0.982585	0.990037	0.997575	 1.00519	 1.01287	  1.0206	 1.02838	  1.0362	 1.04405	 1.05191	 1.05979	 1.06766	 1.07553	 1.08337	 1.09119	 1.09896	 1.10669	 1.11437	 1.12197	  1.1295	 1.13695	  1.1443	 1.15155	 1.15868	

  1.2849	 1.28178	 1.27863	 1.27545	 1.27223	   1.269	 1.26574	 1.26246	 1.25918	 1.25588	 1.25258	 1.24928	 1.24599	  1.2427	 1.23943	 1.23618	 1.23295	 1.22976	  1.2266	 1.22348	 1.22041	  1.2174	 1.21445	 1.21157	 1.20876	 1.20604	 1.20341	 1.20088	 1.19846	 1.19616	 1.19399	
 1.30175	 1.30435	 1.30688	 1.30934	 1.31173	 1.31404	 1.31628	 1.31844	 1.32053	 1.32254	 1.32448	 1.32634	 1.32813	 1.32984	 1.33147	 1.33302	  1.3345	 1.33591	 1.33724	 1.33849	 1.33967	 1.34078	 1.34181	 1.34277	 1.34366	 1.34448	 1.34523	 1.34591	 1.34652	 1.34707	 1.34755	
 0.92045	0.926129	0.932675	0.939677	0.946948	  0.9544	0.961988	0.969686	0.977477	0.985347	0.993286	 1.00128	 1.00933	 1.01741	 1.02553	 1.03366	 1.04181	 1.04996	  1.0581	 1.06622	 1.07431	 1.08237	 1.09038	 1.09834	 1.10624	 1.11406	 1.12179	 1.12944	 1.13698	 1.14441	 1.15172	

 1.28262	 1.27948	 1.27631	  1.2731	 1.26987	 1.26662	 1.26334	 1.26005	 1.25674	 1.25343	 1.25012	  1.2468	 1.24349	  1.2402	 1.23691	 1.23365	 1.23041	 1.22721	 1.22404	 1.22092	 1.21784	 1.21482	 1.21187	 1.20898	 1.20617	 1.20345	 1.20082	 1.19829	 1.19588	 1.19358	 1.19142	
 1.27761	 1.28046	 1.28324	 1.28594	 1.28857	 1.29112	 1.29359	 1.29599	 1.29831	 1.30056	 1.30272	 1.30481	 1.30682	 1.30876	 1.31061	 1.31239	 1.31409	 1.31571	 1.31726	 1.31873	 1.32012	 1.32144	 1.32268	 1.32385	 1.32495	 1.32597	 1.32692	  1.3278	 1.32862	 1.32936	 1.33004	
0.941688	0.947468	0.954098	0.961175	0.968513	0.976024	0.983664	0.991405	0.999231	 1.00713	 1.01508	 1.02309	 1.03114	 1.03922	 1.04731	 1.05542	 1.06354	 1.07164	 1.07973	 1.08779	 1.09582	  1.1038	 1.11173	  1.1196	 1.12739	  1.1351	 1.14272	 1.15024	 1.15766	 1.16495	 1.17212	

 1.27802	  1.2749	 1.27175	 1.26857	 1.26536	 1.26213	 1.25888	 1.25561	 1.25233	 1.24905	 1.24576	 1.24247	 1.23919	 1.23592	 1.23267	 1.22944	 1.22623	 1.22306	 1.21992	 1.21683	 1.21379	  1.2108	 1.20788	 1.20503	 1.20226	 1.19957	 1.19698	 1.19449	 1.19212	 1.18987	 1.18775	
 1.27364	 1.27654	 1.27936	  1.2821	 1.28477	 1.28737	 1.28988	 1.29232	 1.29467	 1.29695	 1.29915	 1.30127	 1.30331	 1.30527	 1.30715	 1.30896	 1.31068	 1.31232	 1.31389	 1.31538	 1.31679	 1.31813	 1.31939	 1.32057	 1.32168	 1.32272	 1.32368	 1.32458	  1.3254	 1.32615	 1.32684	
0.963634	0.969475	0.976151	0.983262	0.990628	0.998159	 1.00581	 1.01356	 1.02138	 1.02926	  1.0372	 1.04517	 1.05318	 1.06121	 1.06926	  1.0773	 1.08534	 1.09337	 1.10137	 1.10934	 1.11726	 1.12513	 1.13294	 1.14068	 1.14833	  1.1559	 1.16337	 1.17073	 1.17798	  1.1851	 1.19209	

 1.27432	 1.27121	 1.26807	 1.26489	 1.26169	 1.25847	 1.25523	 1.25197	 1.24871	 1.24543	 1.24216	 1.23888	 1.23562	 1.23236	 1.22912	 1.22591	 1.22272	 1.21956	 1.21645	 1.21337	 1.21035	 1.20739	 1.20449	 1.20166	 1.19891	 1.19625	 1.19369	 1.19123	 1.18888	 1.18666	 1.18457	
 1.30415	 1.30675	 1.30927	 1.31171	 1.31408	 1.31636	 1.31857	  1.3207	 1.32274	 1.32471	  1.3266	 1.32841	 1.33013	 1.33178	 1.33335	 1.33483	 1.33624	 1.33757	 1.33881	 1.33998	 1.34108	 1.34209	 1.34303	  1.3439	 1.34468	  1.3454	 1.34604	 1.34662	 1.34712	 1.34755	 1.34792	
 0.94141	0.947679	0.954767	0.962284	0.970049	0.977974	0.986013	 0.99414	 1.00234	 1.01059	 1.01889	 1.02722	 1.03557	 1.04394	 1.05232	 1.06069	 1.06905	 1.07739	  1.0857	 1.09396	 1.10218	 1.11033	 1.11842	 1.12643	 1.13435	 1.14217	 1.14989	  1.1575	 1.16499	 1.17234	 1.17956	

 1.27257	 1.26943	 1.26626	 1.26306	 1.25983	 1.25658	 1.25331	 1.25003	 1.24674	 1.24345	 1.24015	 1.23686	 1.23357	  1.2303	 1.22704	 1.22381	 1.22061	 1.21744	 1.21431	 1.21122	 1.20819	 1.20522	 1.20231	 1.19948	 1.19673	 1.19407	  1.1915	 1.18904	 1.18669	 1.18447	 1.18239	
 1.33664	 1.33891	 1.34109	  1.3432	 1.34523	 1.34718	 1.34905	 1.35083	 1.35254	 1.35417	 1.35571	 1.35717	 1.35856	 1.35986	 1.36108	 1.36222	 1.36328	 1.36426	 1.36516	 1.36598	 1.36672	 1.36739	 1.36798	  1.3685	 1.36894	 1.36931	  1.3696	 1.36983	 1.36998	 1.37007	 1.37009	
 1.01335	 1.01925	 1.02595	 1.03307	 1.04042	 1.04793	 1.05554	 1.06322	 1.07097	 1.07876	 1.08659	 1.09444	  1.1023	 1.11017	 1.11803	 1.12589	 1.13372	 1.14151	 1.14927	 1.15697	 1.16462	  1.1722	  1.1797	 1.18712	 1.19444	 1.20166	 1.20876	 1.21575	  1.2226	 1.22932	 1.23589	

 1.27402	  1.2708	 1.26754	 1.26425	 1.26095	 1.25762	 1.25427	 1.25092	 1.24755	 1.24418	 1.24082	 1.23745	  1.2341	 1.23076	 1.22744	 1.22415	 1.22088	 1.21765	 1.21447	 1.21133	 1.20824	 1.20522	 1.20226	 1.19938	 1.19658	 1.19387	 1.19127	 1.18877	 1.18638	 1.18413	 1.18201	
 1.32429	 1.32665	 1.32894	 1.33115	 1.33327	 1.33532	 1.33728	 1.33916	 1.34096	 1.34268	 1.34431	 1.34586	 1.34733	 1.34872	 1.35003	 1.35126	  1.3524	 1.35346	 1.35445	 1.35535	 1.35618	 1.35693	  1.3576	 1.35819	 1.35871	 1.35916	 1.35953	 1.35983	 1.36006	 1.36022	 1.36032	
0.950457	  0.9584	0.966437	 0.97456	 0.98276	 0.99103	0.999361	 1.00774	 1.01617	 1.02463	 1.03311	 1.04162	 1.05013	 1.05864	 1.06713	 1.07561	 1.08406	 1.09247	 1.10084	 1.10915	 1.11739	 1.12557	 1.13365	 1.14165	 1.14955	 1.15733	   1.165	 1.17255	 1.17995	 1.18722	 1.19434	

 1.27817	 1.27482	 1.27143	 1.26801	 1.26458	 1.26113	 1.25766	 1.25418	  1.2507	 1.24721	 1.24373	 1.24025	 1.23679	 1.23334	 1.22992	 1.22652	 1.22315	 1.21982	 1.21654	  1.2133	 1.21013	 1.20701	 1.20397	   1.201	 1.19812	 1.19533	 1.19264	 1.19007	 1.18761	 1.18529	  1.1831	
 1.31093	 1.31341	  1.3158	 1.31812	 1.32035	  1.3225	 1.32456	 1.32655	 1.32845	 1.33027	   1.332	 1.33365	 1.33522	  1.3367	 1.33811	 1.33943	 1.34067	 1.34182	  1.3429	  1.3439	 1.34481	 1.34565	 1.34641	  1.3471	  1.3477	 1.34824	  1.3487	 1.34908	  1.3494	 1.34965	 1.34983	
 1.03038	 1.03786	 1.04543	 1.05307	 1.06077	 1.06853	 1.07635	  1.0842	 1.09209	     1.1	 1.10792	 1.11586	 1.12378	  1.1317	  1.1396	 1.14747	  1.1553	 1.16308	 1.17081	 1.17847	 1.18606	 1.19356	 1.20098	 1.20829	  1.2155	 1.22259	 1.22956	 1.23639	 1.24309	 1.24963	 1.25602	

 1.28334	 1.27982	 1.27628	 1.27271	 1.26912	 1.26552	 1.26191	 1.25828	 1.25466	 1.25103	 1.24741	  1.2438	  1.2402	 1.23663	 1.23307	 1.22955	 1.22606	 1.22261	 1.21921	 1.21586	 1.21257	 1.20934	 1.20619	 1.20312	 1.20014	 1.19725	 1.19447	  1.1918	 1.18925	 1.18684	 1.18458	
 1.32589	 1.32819	  1.3304	 1.33254	 1.33459	 1.33656	 1.33845	 1.34025	 1.34197	  1.3436	 1.34515	 1.34662	   1.348	  1.3493	 1.35052	 1.35165	 1.35271	 1.35368	 1.35457	 1.35538	 1.35611	 1.35676	 1.35733	 1.35783	 1.35825	 1.35859	 1.35887	 1.35907	  1.3592	 1.35926	 1.35925	
0.990923	0.998895	 1.00694	 1.01506	 1.02324	 1.03147	 1.03975	 1.04806	 1.05639	 1.06475	 1.07311	 1.08147	 1.08983	 1.09817	 1.10648	 1.11475	 1.12298	 1.13116	 1.13928	 1.14733	 1.15529	 1.16317	 1.17096	 1.17863	  1.1862	 1.19364	 1.20095	 1.20813	 1.21516	 1.22203	 1.22875	

 1.28727	 1.28361	 1.27992	 1.27621	 1.27248	 1.26874	 1.26499	 1.26124	 1.25748	 1.25373	 1.24998	 1.24625	 1.24253	 1.23884	 1.23517	 1.23153	 1.22793	 1.22438	 1.22087	 1.21742	 1.21403	  1.2107	 1.20746	 1.20429	 1.20122	 1.19825	 1.19538	 1.19264	 1.19001	 1.18753	 1.18519	
 1.35368	 1.35566	 1.35756	 1.35938	 1.36111	 1.36276	 1.36432	  1.3658	  1.3672	 1.36851	 1.36974	 1.37088	 1.37194	 1.37291	 1.37381	 1.37462	 1.37535	 1.37599	 1.37656	 1.37705	 1.37745	 1.37778	 1.37803	  1.3782	  1.3783	 1.37833	 1.37828	 1.37816	 1.37797	 1.37772	 1.37739	
 1.01466	 1.02261	 1.03062	 1.03869	 1.04681	 1.05498	 1.06318	 1.07141	 1.07966	 1.08791	 1.09617	 1.10442	 1.11265	 1.12086	 1.12903	 1.13716	 1.14524	 1.15326	  1.1612	 1.16907	 1.17686	 1.18455	 1.19213	 1.19961	 1.20696	 1.21419	 1.22128	 1.22823	 1.23503	 1.24167	 1.24814	

 1.28833	 1.28459	 1.28082	 1.27704	 1.27323	 1.26942	  1.2656	 1.26178	 1.25796	 1.25414	 1.25033	 1.24653	 1.24276	 1.23901	 1.23528	 1.23159	 1.22794	 1.22434	 1.22079	 1.21729	 1.21386	  1.2105	 1.20722	 1.20402	 1.20091	 1.19791	 1.19502	 1.19225	 1.18961	  1.1871	 1.18475	
 1.35736	 1.35926	 1.36108	 1.36281	 1.36445	 1.36602	 1.36749	 1.36889	 1.37019	 1.37142	 1.37256	 1.37361	 1.37458	 1.37547	 1.37628	   1.377	 1.37764	  1.3782	 1.37867	 1.37907	 1.37939	 1.37963	 1.37979	 1.37988	 1.37989	 1.37983	 1.37969	 1.37949	 1.37921	 1.37887	 1.37846	
 1.04845	 1.05625	 1.06412	 1.07203	 1.07999	 1.08799	   1.096	 1.10404	 1.11209	 1.12013	 1.12817	 1.13619	 1.14419	 1.15215	 1.16008	 1.16795	 1.17576	  1.1835	 1.19117	 1.19875	 1.20624	 1.21363	 1.22091	 1.22807	  1.2351	   1.242	 1.24876	 1.25537	 1.26183	 1.26812	 1.27424	

 1.28508	 1.28132	 1.27754	 1.27375	 1.26994	 1.26612	 1.26229	 1.25846	 1.25464	 1.25082	 1.24701	 1.24322	 1.23944	  1.2357	 1.23198	  1.2283	 1.22466	 1.22107	 1.21753	 1.21405	 1.21064	 1.20729	 1.20403	 1.20086	 1.19778	 1.19481	 1.19194	  1.1892	 1.18659	 1.18413	 1.18182	
 1.34517	 1.34713	 1.34901	 1.35081	 1.35252	 1.35414	 1.35569	 1.35714	 1.35851	  1.3598	   1.361	 1.36212	 1.36315	  1.3641	 1.36497	 1.36575	 1.36645	 1.36707	 1.36761	 1.36807	 1.36845	 1.36875	 1.36898	 1.36913	  1.3692	  1.3692	 1.36913	 1.36898	 1.36877	 1.36849	 1.36814	
 1.01837	 1.02654	 1.03477	 1.04305	 1.05136	  1.0597	 1.06806	 1.07643	 1.08481	 1.09317	 1.10153	 1.10986	 1.11816	 1.12642	 1.13464	 1.14279	 1.15088	  1.1589	 1.16684	 1.17468	 1.18243	 1.19007	  1.1976	   1.205	 1.21227	 1.21941	  1.2264	 1.23324	 1.23991	 1.24642	 1.25275	

 1.27928	 1.27554	 1.27178	   1.268	 1.26421	 1.26041	 1.25661	  1.2528	   1.249	 1.24521	 1.24143	 1.23767	 1.23393	 1.23022	 1.22653	 1.22289	 1.21929	 1.21574	 1.21224	  1.2088	 1.20543	 1.20214	 1.19892	  1.1958	 1.19277	 1.18985	 1.18704	 1.18436	 1.18181	 1.17941	 1.17716	
 1.34736	 1.34924	 1.35104	 1.35275	 1.35438	 1.35592	 1.35738	 1.35876	 1.36004	 1.36125	 1.36237	  1.3634	 1.36435	 1.36522	   1.366	  1.3667	 1.36732	 1.36786	 1.36831	 1.36869	 1.36899	 1.36921	 1.36935	 1.36942	 1.36941	 1.36933	 1.36918	 1.36896	 1.36867	 1.36831	 1.36789	
 1.06574	 1.07365	  1.0816	 1.08958	 1.09759	 1.10561	 1.11365	 1.12169	 1.12973	 1.13775	 1.14574	 1.15371	 1.16164	 1.16951	 1.17734	 1.18509	 1.19278	 1.20038	  1.2079	 1.21532	 1.22263	 1.22983	 1.23691	 1.24386	 1.25067	 1.25734	 1.26386	 1.27023	 1.27642	 1.28245	 1.28829	

   1.273	 1.26926	  1.2655	 1.26173	 1.25795	 1.25416	 1.25037	 1.24658	 1.24279	 1.23902	 1.23526	 1.23152	  1.2278	 1.22411	 1.22045	 1.21683	 1.21326	 1.20974	 1.20627	 1.20287	 1.19954	 1.19628	  1.1931	 1.19002	 1.18704	 1.18416	  1.1814	 1.17877	 1.17628	 1.17393	 1.17174	
 1.36329	 1.36495	 1.36652	 1.36801	 1.36941	 1.37073	 1.37197	 1.37312	 1.37418	 1.37516	 1.37606	 1.37687	  1.3776	 1.37824	 1.37881	 1.37929	 1.37969	    1.38	 1.38024	  1.3804	 1.38048	 1.38049	 1.38042	 1.38027	 1.38005	 1.37976	  1.3794	 1.37896	 1.37846	  1.3779	 1.37727	
 1.06127	  1.0693	 1.07736	 1.08545	 1.09356	 1.10168	 1.10981	 1.11793	 1.12604	 1.13412	 1.14218	 1.15019	 1.15817	 1.16608	 1.17394	 1.18172	 1.18943	 1.19705	 1.20457	 1.21199	  1.2193	  1.2265	 1.23356	  1.2405	 1.24729	 1.25394	 1.26043	 1.26676	 1.27292	  1.2789	  1.2847	

 1.27014	 1.26639	 1.26262	 1.25884	 1.25505	 1.25126	 1.24746	 1.24367	 1.23989	 1.23612	 1.23236	 1.22863	 1.22492	 1.22124	  1.2176	 1.21399	 1.21044	 1.20694	 1.20349	 1.20011	  1.1968	 1.19358	 1.19043	 1.18738	 1.18443	  1.1816	 1.17888	 1.17629	 1.17384	 1.17154	  1.1694	
 1.37303	 1.37451	 1.37592	 1.37724	 1.37847	 1.37962	 1.38069	 1.38167	 1.38257	 1.38338	 1.38411	 1.38475	 1.38532	  1.3858	 1.38619	 1.38651	 1.38674	  1.3869	 1.38698	 1.38697	  1.3869	 1.38674	 1.38651	 1.38621	 1.38583	 1.38539	 1.38487	 1.38428	 1.38363	 1.38292	 1.38214	
  1.0592	 1.06731	 1.07544	  1.0836	 1.09177	 1.09995	 1.10811	 1.11627	 1.12441	 1.13252	 1.14059	 1.14861	 1.15659	  1.1645	 1.17235	 1.18011	  1.1878	 1.19539	 1.20288	 1.21026	 1.21752	 1.22467	 1.23168	 1.23855	 1.24528	 1.25186	 1.25828	 1.26453	 1.27061	 1.27651	 1.28222	

 1.26863	 1.26484	 1.26104	 1.25723	 1.25341	  1.2496	 1.24578	 1.24197	 1.23816	 1.23438	 1.23061	 1.22686	 1.22314	 1.21945	 1.21581	  1.2122	 1.20865	 1.20515	 1.20171	 1.19833	 1.19503	 1.19182	 1.18869	 1.18566	 1.18273	 1.17991	 1.17722	 1.17466	 1.17224	 1.16997	 1.16787	
 1.36691	 1.36835	  1.3697	 1.37097	 1.37215	 1.37325	 1.37426	 1.37519	 1.37604	  1.3768	 1.37748	 1.37807	 1.37858	 1.37901	 1.37936	 1.37963	 1.37982	 1.37992	 1.37995	 1.37991	 1.37978	 1.37958	 1.37931	 1.37896	 1.37854	 1.37805	  1.3775	 1.37687	 1.37618	 1.37542	  1.3746	
 1.09406	 1.10196	 1.10987	  1.1178	 1.12572	 1.13365	 1.14156	 1.14945	 1.15731	 1.16514	 1.17292	 1.18065	 1.18832	 1.19592	 1.20345	 1.21089	 1.21824	 1.22549	 1.23264	 1.23967	 1.24659	 1.25337	 1.26002	 1.26652	 1.27288	 1.27908	 1.28512	 1.29099	 1.29668	 1.30219	 1.30751	

 1.26823	  1.2644	 1.26056	 1.25672	 1.25287	 1.24902	 1.24518	 1.24134	 1.23752	 1.23371	 1.22992	 1.22616	 1.22243	 1.21873	 1.21507	 1.21146	  1.2079	  1.2044	 1.20097	  1.1976	 1.19431	  1.1911	 1.18799	 1.18497	 1.18206	 1.17927	  1.1766	 1.17406	 1.17168	 1.16944	 1.16738	
  1.3626	 1.36398	 1.36527	 1.36648	  1.3676	 1.36864	  1.3696	 1.37047	 1.37126	 1.37196	 1.37259	 1.37313	 1.37358	 1.37396	 1.37426	 1.37447	 1.37461	 1.37466	 1.37464	 1.37455	 1.37438	 1.37413	 1.37381	 1.37342	 1.37296	 1.37243	 1.37183	 1.37116	 1.37043	 1.36964	 1.36878	
 1.08721	 1.09518	 1.10317	 1.11116	 1.11915	 1.12713	 1.13509	 1.14302	 1.15092	 1.15877	 1.16657	 1.17431	 1.18199	  1.1896	 1.19712	 1.20455	 1.21189	 1.21913	 1.22625	 1.23325	 1.24013	 1.24688	 1.25349	 1.25995	 1.26625	  1.2724	 1.27838	 1.28419	 1.28982	 1.29527	 1.30052	

 1.26503	 1.26116	 1.25729	 1.25342	 1.24954	 1.24566	 1.24179	 1.23793	 1.23408	 1.23026	 1.22646	 1.22268	 1.21894	 1.21523	 1.21157	 1.20796	  1.2044	  1.2009	 1.19747	 1.19411	 1.19083	 1.18763	 1.18453	 1.18154	 1.17865	 1.17588	 1.17324	 1.17073	 1.16838	 1.16619	 1.16416	
  1.3662	 1.36743	 1.36859	 1.36965	 1.37064	 1.37154	 1.37236	 1.37309	 1.37375	 1.37432	  1.3748	 1.37521	 1.37554	 1.37578	 1.37595	 1.37603	 1.37604	 1.37597	 1.37583	 1.37561	 1.37531	 1.37495	 1.37451	   1.374	 1.37342	 1.37277	 1.37206	 1.37128	 1.37043	 1.36953	 1.36857	
 1.09436	 1.10229	 1.11023	 1.11816	 1.12608	 1.13399	 1.14186	  1.1497	  1.1575	 1.16525	 1.17295	 1.18057	 1.18813	 1.19561	   1.203	 1.21029	 1.21748	 1.22457	 1.23154	 1.23838	  1.2451	 1.25167	 1.25811	 1.26439	 1.27052	 1.27649	 1.28228	  1.2879	 1.29334	  1.2986	 1.30366	

 1.25951	 1.25563	 1.25174	 1.24785	 1.24396	 1.24007	 1.23619	 1.23233	 1.22848	 1.22465	 1.22085	 1.21708	 1.21334	 1.20965	   1.206	  1.2024	 1.19885	 1.19538	 1.19196	 1.18863	 1.18538	 1.18221	 1.17914	 1.17618	 1.17333	  1.1706	 1.16801	 1.16555	 1.16325	 1.16111	 1.15914	
 1.37152	 1.37259	 1.37358	 1.37448	  1.3753	 1.37604	  1.3767	 1.37727	 1.37777	 1.37818	 1.37851	 1.37876	 1.37893	 1.37902	 1.37903	 1.37897	 1.37882	 1.37861	 1.37831	 1.37795	 1.37751	   1.377	 1.37642	 1.37577	 1.37505	 1.37427	 1.37342	  1.3725	 1.37153	  1.3705	 1.36941	
 1.11692	 1.12468	 1.13244	 1.14019	 1.14791	 1.15562	 1.16328	 1.17091	 1.17849	 1.18601	 1.19346	 1.20085	 1.20816	 1.21538	 1.22251	 1.22954	 1.23647	 1.24328	 1.24996	 1.25653	 1.26295	 1.26924	 1.27538	 1.28137	 1.28719	 1.29286	 1.29835	 1.30366	 1.30879	 1.31373	 1.31848	

 1.25374	 1.24986	 1.24598	  1.2421	 1.23822	 1.23435	 1.23049	 1.22665	 1.22283	 1.21902	 1.21525	 1.21151	 1.20781	 1.20415	 1.20054	 1.19698	 1.19348	 1.19005	 1.18669	  1.1834	  1.1802	 1.17709	 1.17408	 1.17118	  1.1684	 1.16574	 1.16321	 1.16083	  1.1586	 1.15654	 1.15466	
 1.37136	 1.37231	 1.37318	 1.37397	 1.37467	 1.37529	 1.37584	  1.3763	 1.37668	 1.37698	  1.3772	 1.37734	  1.3774	 1.37739	 1.37729	 1.37713	 1.37688	 1.37656	 1.37617	 1.37571	 1.37518	 1.37457	  1.3739	 1.37316	 1.37235	 1.37148	 1.37054	 1.36955	 1.36849	 1.36738	 1.36621	
 1.11648	 1.12422	 1.13194	 1.13964	 1.14732	 1.15497	 1.16257	 1.17013	 1.17763	 1.18507	 1.19244	 1.19973	 1.20694	 1.21406	 1.22108	   1.228	  1.2348	 1.24149	 1.24805	 1.25448	 1.26077	 1.26692	 1.27292	 1.27876	 1.28444	 1.28995	 1.29529	 1.30045	 1.30542	 1.31021	  1.3148	

 1.24751	 1.24365	  1.2398	 1.23595	  1.2321	 1.22826	 1.22444	 1.22063	 1.21684	 1.21309	 1.20936	 1.20566	 1.20201	  1.1984	 1.19485	 1.19134	  1.1879	 1.18453	 1.18123	 1.17802	 1.17489	 1.17185	 1.16892	 1.16609	 1.16339	 1.16081	 1.15837	 1.15608	 1.15394	 1.15198	 1.15019	
 1.36753	 1.36839	 1.36918	 1.36988	  1.3705	 1.37103	 1.37149	 1.37187	 1.37217	 1.37239	 1.37254	  1.3726	 1.37259	  1.3725	 1.37234	  1.3721	 1.37178	  1.3714	 1.37094	 1.37041	 1.36982	 1.36915	 1.36842	 1.36762	 1.36676	 1.36583	 1.36485	  1.3638	  1.3627	 1.36154	 1.36032	
 1.12289	 1.13053	 1.13815	 1.14575	 1.15331	 1.16083	 1.16831	 1.17573	 1.18309	 1.19039	  1.1976	 1.20474	 1.21179	 1.21874	 1.22558	 1.23232	 1.23895	 1.24545	 1.25182	 1.25806	 1.26415	  1.2701	  1.2759	 1.28154	 1.28701	 1.29231	 1.29744	 1.30238	 1.30714	 1.31171	 1.31609	

 1.24218	 1.23836	 1.23454	 1.23072	 1.22692	 1.22312	 1.21934	 1.21559	 1.21185	 1.20815	 1.20447	 1.20084	 1.19725	  1.1937	 1.19021	 1.18678	 1.18341	 1.18011	 1.17688	 1.17374	 1.17069	 1.16774	 1.16489	 1.16216	 1.15955	 1.15706	 1.15472	 1.15253	  1.1505	 1.14864	 1.14697	
 1.36486	 1.36562	  1.3663	  1.3669	 1.36742	 1.36786	 1.36823	 1.36851	 1.36872	 1.36884	  1.3689	 1.36887	 1.36877	  1.3686	 1.36835	 1.36803	 1.36764	 1.36717	 1.36664	 1.36604	 1.36536	 1.36463	 1.36383	 1.36296	 1.36203	 1.36104	 1.35999	 1.35889	 1.35772	 1.35651	 1.35524	
 1.13675	 1.14423	 1.15168	  1.1591	 1.16647	 1.17381	 1.18108	  1.1883	 1.19545	 1.20253	 1.20952	 1.21643	 1.22325	 1.22996	 1.23657	 1.24306	 1.24943	 1.25568	 1.26179	 1.26777	  1.2736	 1.27929	 1.28481	 1.29018	 1.29538	  1.3004	 1.30526	 1.30992	 1.31441	  1.3187	 1.32279	

 1.23541	 1.23163	 1.22784	 1.22406	 1.22029	 1.21654	 1.21281	 1.20909	 1.20541	 1.20175	 1.19813	 1.19455	 1.19102	 1.18754	 1.18411	 1.18074	 1.17744	 1.17421	 1.17106	   1.168	 1.16503	 1.16216	 1.15939	 1.15675	 1.15423	 1.15184	 1.14959	  1.1475	 1.14557	 1.14383	 1.14227	
 1.36397	 1.36461	 1.36517	 1.36565	 1.36605	 1.36638	 1.36663	  1.3668	 1.36689	 1.36691	 1.36686	 1.36673	 1.36653	 1.36625	  1.3659	 1.36549	   1.365	 1.36444	 1.36381	 1.36312	 1.36236	 1.36154	 1.36065	  1.3597	  1.3587	 1.35763	  1.3565	 1.35532	 1.35409	  1.3528	 1.35147	
 1.14172	 1.14907	  1.1564	 1.16368	 1.17092	 1.17811	 1.18523	 1.19229	 1.19928	 1.20619	 1.21301	 1.21974	 1.22637	  1.2329	 1.23931	 1.24561	 1.25179	 1.25783	 1.26374	 1.26951	 1.27513	  1.2806	 1.28591	 1.29106	 1.29604	 1.30085	 1.30548	 1.30993	 1.31419	 1.31826	 1.32213	

 1.22846	 1.22471	 1.22096	 1.21722	 1.21349	 1.20978	 1.20609	 1.20243	 1.19879	 1.19519	 1.19163	 1.18811	 1.18464	 1.18122	 1.17786	 1.17456	 1.17133	 1.16818	 1.16511	 1.16212	 1.15924	 1.15645	 1.15378	 1.15122	  1.1488	 1.14651	 1.14436	 1.14238	 1.14056	 1.13892	 1.13748	
 1.36185	 1.36236	  1.3628	 1.36316	 1.36345	 1.36365	 1.36379	 1.36384	 1.36383	 1.36374	 1.36357	 1.36333	 1.36303	 1.36265	  1.3622	 1.36168	 1.36109	 1.36044	 1.35972	 1.35893	 1.35809	 1.35717	  1.3562	 1.35517	 1.35408	 1.35294	 1.35174	 1.35048	 1.34917	 1.34782	 1.34641	
 1.14681	 1.15403	 1.16122	 1.16835	 1.17544	 1.18247	 1.18943	 1.19632	 1.20313	 1.20986	  1.2165	 1.22304	 1.22947	  1.2358	 1.24202	 1.24811	 1.25408	 1.25991	 1.26561	 1.27116	 1.27657	 1.28182	 1.28691	 1.29183	 1.29659	 1.30117	 1.30558	  1.3098	 1.31383	 1.31768	 1.32132	

 1.22144	 1.21772	 1.21401	 1.21032	 1.20664	 1.20298	 1.19934	 1.19573	 1.19215	 1.18861	 1.18511	 1.18166	 1.17825	  1.1749	 1.17161	 1.16839	 1.16524	 1.16217	 1.15918	 1.15629	 1.15349	  1.1508	 1.14822	 1.14576	 1.14344	 1.14125	 1.13922	 1.13734	 1.13564	 1.13412	  1.1328	
 1.35813	 1.35853	 1.35886	 1.35911	 1.35928	 1.35939	 1.35942	 1.35937	 1.35926	 1.35907	 1.35881	 1.35848	 1.35808	 1.35761	 1.35707	 1.35646	 1.35579	 1.35506	 1.35426	  1.3534	 1.35247	 1.35149	 1.35045	 1.34935	 1.34819	 1.34698	 1.34572	  1.3444	 1.34304	 1.34163	 1.34017	
 1.15539	 1.16244	 1.16944	 1.17639	 1.18328	 1.19011	 1.19687	 1.20355	 1.21015	 1.21666	 1.22307	 1.22938	 1.23559	 1.24168	 1.24766	 1.25351	 1.25923	 1.26482	 1.27027	 1.27557	 1.28072	 1.28571	 1.29055	 1.29522	 1.29971	 1.30404	 1.30818	 1.31215	 1.31592	 1.31951	  1.3229	

 1.21424	 1.21057	 1.20691	 1.20327	 1.19964	 1.19604	 1.19246	 1.18891	  1.1854	 1.18192	 1.17849	 1.17511	 1.17178	 1.16851	  1.1653	 1.16216	 1.15909	 1.15611	 1.15321	 1.15041	 1.14771	 1.14512	 1.14265	  1.1403	 1.13808	 1.13601	 1.13409	 1.13233	 1.13076	 1.12937	 1.12818	
 1.35338	 1.35368	 1.35391	 1.35406	 1.35413	 1.35414	 1.35407	 1.35394	 1.35373	 1.35345	  1.3531	 1.35268	  1.3522	 1.35165	 1.35103	 1.35035	 1.34961	  1.3488	 1.34793	   1.347	 1.34601	 1.34496	 1.34386	  1.3427	 1.34149	 1.34022	 1.33891	 1.33754	 1.33613	 1.33467	 1.33317	
 1.16159	 1.16846	 1.17528	 1.18204	 1.18874	 1.19537	 1.20192	  1.2084	 1.21478	 1.22107	 1.22727	 1.23335	 1.23933	  1.2452	 1.25094	 1.25655	 1.26203	 1.26738	 1.27258	 1.27763	 1.28254	 1.28728	 1.29186	 1.29628	 1.30053	  1.3046	  1.3085	 1.31221	 1.31573	 1.31907	 1.32221	

 1.20735	 1.20373	 1.20013	 1.19654	 1.19298	 1.18944	 1.18593	 1.18245	 1.17901	 1.17561	 1.17226	 1.16895	 1.16571	 1.16252	  1.1594	 1.15635	 1.15338	 1.15049	  1.1477	   1.145	  1.1424	 1.13992	 1.13756	 1.13532	 1.13323	 1.13127	 1.12948	 1.12786	 1.12641	 1.12516	 1.12411	
 1.34832	 1.34851	 1.34864	 1.34869	 1.34867	 1.34858	 1.34842	 1.34819	 1.34789	 1.34753	 1.34709	 1.34659	 1.34603	  1.3454	 1.34471	 1.34395	 1.34313	 1.34226	 1.34132	 1.34032	 1.33927	 1.33816	   1.337	 1.33579	 1.33452	 1.33321	 1.33184	 1.33043	 1.32898	 1.32748	 1.32594	
 1.16667	 1.17337	    1.18	 1.18658	 1.19308	 1.19952	 1.20587	 1.21213	 1.21831	 1.22439	 1.23036	 1.23623	 1.24198	 1.24762	 1.25313	 1.25851	 1.26376	 1.26886	 1.27383	 1.27864	 1.28331	 1.28781	 1.29215	 1.29633	 1.30033	 1.30416	 1.30782	 1.31129	 1.31457	 1.31767	 1.32058	

 1.19986	  1.1963	 1.19276	 1.18924	 1.18574	 1.18227	 1.17883	 1.17543	 1.17207	 1.16875	 1.16548	 1.16226	  1.1591	 1.15601	 1.15298	 1.15003	 1.14716	 1.14438	 1.14169	 1.13909	 1.13661	 1.13424	   1.132	 1.12988	 1.12791	 1.12609	 1.12442	 1.12293	 1.12163	 1.12052	 1.11962	
 1.34309	 1.34318	 1.34321	 1.34316	 1.34304	 1.34286	 1.34261	 1.34229	  1.3419	 1.34145	 1.34093	 1.34035	 1.33971	   1.339	 1.33823	  1.3374	 1.33652	 1.33557	 1.33457	 1.33351	  1.3324	 1.33123	 1.33001	 1.32875	 1.32743	 1.32607	 1.32466	 1.32321	 1.32171	 1.32017	  1.3186	
 1.17183	 1.17833	 1.18477	 1.19114	 1.19744	 1.20366	 1.20979	 1.21584	 1.22179	 1.22764	 1.23339	 1.23902	 1.24454	 1.24993	  1.2552	 1.26034	 1.26534	  1.2702	 1.27492	 1.27948	  1.2839	 1.28815	 1.29224	 1.29617	 1.29992	 1.30351	 1.30691	 1.31013	 1.31317	 1.31602	 1.31868	

 1.19219	 1.18869	 1.18522	 1.18177	 1.17835	 1.17495	 1.17159	 1.16827	 1.16499	 1.16176	 1.15858	 1.15545	 1.15239	 1.14939	 1.14646	 1.14361	 1.14085	 1.13817	 1.13559	 1.13312	 1.13075	  1.1285	 1.12638	 1.12439	 1.12255	 1.12086	 1.11933	 1.11799	 1.11682	 1.11586	 1.11512	
 1.33768	 1.33767	  1.3376	 1.33746	 1.33725	 1.33697	 1.33663	 1.33623	 1.33576	 1.33523	 1.33463	 1.33397	 1.33325	 1.33247	 1.33164	 1.33074	 1.32979	 1.32878	 1.32772	  1.3266	 1.32544	 1.32422	 1.32295	 1.32163	 1.32027	 1.31887	 1.31742	 1.31593	  1.3144	 1.31283	 1.31122	
 1.17678	 1.18307	 1.18931	 1.19546	 1.20155	 1.20755	 1.21346	 1.21928	   1.225	 1.23061	 1.23612	 1.24151	 1.24679	 1.25194	 1.25696	 1.26185	  1.2666	 1.27121	 1.27568	 1.27999	 1.28415	 1.28815	 1.29199	 1.29566	 1.29916	 1.30249	 1.30565	 1.30862	 1.31141	 1.31402	 1.31644	

