1.51317e-08	1.67305e-08	1.75364e-08	1.78795e-08	1.79777e-08	1.795e-08	1.78568e-08	1.77286e-08	1.75807e-08	1.74211e-08	1.72542e-08	1.70824e-08	1.69071e-08	1.67292e-08	1.65493e-08	1.63677e-08	1.61848e-08	1.60008e-08	1.58158e-08	1.56299e-08	1.54434e-08	1.52562e-08	1.50684e-08	1.48798e-08	1.46901e-08	1.44989e-08	1.43045e-08	1.41043e-08	1.3892e-08	1.36544e-08	1.3363e-08	
1.5418e-08	1.61451e-08	1.66633e-08	1.70722e-08	1.742e-08	1.77296e-08	1.80122e-08	1.82732e-08	1.85158e-08	1.87414e-08	1.89511e-08	1.91457e-08	1.93256e-08	1.94911e-08	1.96424e-08	1.97799e-08	1.99037e-08	2.00137e-08	2.01101e-08	2.01924e-08	2.02603e-08	2.03127e-08	2.03476e-08	2.03612e-08	2.03459e-08	2.02868e-08	2.01535e-08	1.98834e-08	1.93498e-08	1.83124e-08	1.63932e-08	
5.30936e-11	1.70253e-10	4.71226e-10	1.09389e-09	2.1113e-09	3.44162e-09	4.88836e-09	6.25969e-09	7.44105e-09	8.39622e-09	9.13777e-09	9.69932e-09	1.01188e-08	1.04306e-08	1.06634e-08	1.08398e-08	1.09777e-08	1.10906e-08	1.11892e-08	1.12815e-08	1.13742e-08	1.1472e-08	1.1579e-08	1.16982e-08	1.18317e-08	1.19802e-08	1.21427e-08	1.23117e-08	1.24607e-08	1.24936e-08	1.2072e-08	

1.99124e-08	2.12787e-08	2.19313e-08	2.21956e-08	2.22595e-08	2.22203e-08	2.21268e-08	2.20032e-08	2.18619e-08	2.17093e-08	2.1549e-08	2.13828e-08	2.12119e-08	2.10371e-08	2.08588e-08	2.06775e-08	2.04932e-08	2.03063e-08	2.01167e-08	1.99248e-08	1.97305e-08	1.95339e-08	1.93351e-08	1.91339e-08	1.89303e-08	1.87239e-08	1.85137e-08	1.82981e-08	1.80731e-08	1.78305e-08	1.75525e-08	
1.7735e-08	1.82215e-08	1.86204e-08	1.8971e-08	1.92916e-08	1.95909e-08	1.98731e-08	2.01405e-08	2.03942e-08	2.06348e-08	2.08628e-08	2.10784e-08	2.12818e-08	2.14731e-08	2.16524e-08	2.18197e-08	2.19751e-08	2.21184e-08	2.22495e-08	2.23682e-08	2.24741e-08	2.25662e-08	2.26431e-08	2.27017e-08	2.27366e-08	2.27365e-08	2.2679e-08	2.25177e-08	2.21567e-08	2.1405e-08	1.99193e-08	
1.0793e-10	3.35066e-10	8.9848e-10	2.01451e-09	3.73094e-09	5.80119e-09	7.84819e-09	9.60424e-09	1.09767e-08	1.19872e-08	1.27016e-08	1.31901e-08	1.3513e-08	1.37171e-08	1.38377e-08	1.39009e-08	1.39259e-08	1.39271e-08	1.39156e-08	1.38996e-08	1.38857e-08	1.38789e-08	1.38836e-08	1.39028e-08	1.39392e-08	1.39946e-08	1.40698e-08	1.41631e-08	1.42654e-08	1.4343e-08	1.42693e-08	

2.40987e-08	2.51653e-08	2.56627e-08	2.58627e-08	2.59106e-08	2.58795e-08	2.58056e-08	2.5707e-08	2.5593e-08	2.54683e-08	2.53356e-08	2.51965e-08	2.50517e-08	2.49018e-08	2.47471e-08	2.4588e-08	2.44246e-08	2.42569e-08	2.40852e-08	2.39095e-08	2.37299e-08	2.35463e-08	2.33588e-08	2.31674e-08	2.2972e-08	2.27723e-08	2.25678e-08	2.23572e-08	2.21383e-08	2.19057e-08	2.16484e-08	
1.92192e-08	1.95958e-08	1.99302e-08	2.02401e-08	2.05337e-08	2.08147e-08	2.10851e-08	2.13458e-08	2.15972e-08	2.18394e-08	2.20727e-08	2.2297e-08	2.25122e-08	2.27183e-08	2.29151e-08	2.31027e-08	2.32808e-08	2.34493e-08	2.36079e-08	2.37565e-08	2.38946e-08	2.40214e-08	2.41358e-08	2.42356e-08	2.43168e-08	2.43716e-08	2.43841e-08	2.43219e-08	2.41176e-08	2.36326e-08	2.25981e-08	
2.34073e-10	6.98699e-10	1.79476e-09	3.81909e-09	6.64017e-09	9.64861e-09	1.22553e-08	1.42256e-08	1.55963e-08	1.64982e-08	1.7062e-08	1.73897e-08	1.75548e-08	1.76086e-08	1.75866e-08	1.7514e-08	1.74086e-08	1.72837e-08	1.71488e-08	1.70115e-08	1.68777e-08	1.6752e-08	1.66383e-08	1.65397e-08	1.6459e-08	1.63981e-08	1.63586e-08	1.63406e-08	1.63408e-08	1.63448e-08	1.62979e-08	

2.67564e-08	2.75439e-08	2.7917e-08	2.80775e-08	2.81288e-08	2.81224e-08	2.80836e-08	2.80251e-08	2.79535e-08	2.78722e-08	2.7783e-08	2.76871e-08	2.75849e-08	2.7477e-08	2.73634e-08	2.72445e-08	2.71202e-08	2.69907e-08	2.68559e-08	2.6716e-08	2.65709e-08	2.64207e-08	2.62652e-08	2.61046e-08	2.59387e-08	2.57673e-08	2.559e-08	2.54063e-08	2.52146e-08	2.50121e-08	2.47924e-08	
1.9676e-08	1.99589e-08	2.0227e-08	2.04857e-08	2.07377e-08	2.0984e-08	2.12253e-08	2.14615e-08	2.16927e-08	2.19188e-08	2.21396e-08	2.2355e-08	2.25648e-08	2.27687e-08	2.29666e-08	2.31583e-08	2.33435e-08	2.35219e-08	2.36934e-08	2.38576e-08	2.40141e-08	2.41623e-08	2.43013e-08	2.44295e-08	2.45442e-08	2.464e-08	2.47063e-08	2.47216e-08	2.46411e-08	2.43716e-08	2.37244e-08	
5.21641e-10	1.48523e-09	3.59039e-09	7.0509e-09	1.11708e-08	1.48544e-08	1.75544e-08	1.93163e-08	2.03866e-08	2.09933e-08	2.12975e-08	2.14043e-08	2.13812e-08	2.12718e-08	2.11051e-08	2.09006e-08	2.06722e-08	2.04298e-08	2.0181e-08	1.99315e-08	1.9686e-08	1.94484e-08	1.92219e-08	1.90094e-08	1.88132e-08	1.86355e-08	1.84781e-08	1.83423e-08	1.82279e-08	1.81312e-08	1.80353e-08	

2.7698e-08	2.82615e-08	2.8545e-08	2.86856e-08	2.8752e-08	2.87779e-08	2.87803e-08	2.87674e-08	2.87437e-08	2.87114e-08	2.86718e-08	2.86256e-08	2.85731e-08	2.85145e-08	2.845e-08	2.83797e-08	2.83035e-08	2.82216e-08	2.81338e-08	2.80402e-08	2.79406e-08	2.78352e-08	2.77238e-08	2.76063e-08	2.74826e-08	2.73525e-08	2.72156e-08	2.70712e-08	2.69179e-08	2.67529e-08	2.65702e-08	
1.92035e-08	1.94269e-08	1.964e-08	1.9848e-08	2.00532e-08	2.02566e-08	2.04584e-08	2.06587e-08	2.08575e-08	2.10544e-08	2.12493e-08	2.1442e-08	2.16322e-08	2.18195e-08	2.20039e-08	2.21849e-08	2.23623e-08	2.25358e-08	2.27052e-08	2.28702e-08	2.30302e-08	2.31849e-08	2.33335e-08	2.3475e-08	2.36074e-08	2.37273e-08	2.38279e-08	2.38955e-08	2.39019e-08	2.37883e-08	2.34327e-08	
1.17149e-09	3.13394e-09	6.91567e-09	1.2067e-08	1.69606e-08	2.04844e-08	2.2638e-08	2.38373e-08	2.44479e-08	2.47038e-08	2.47429e-08	2.46459e-08	2.44611e-08	2.42185e-08	2.39374e-08	2.36307e-08	2.33076e-08	2.29749e-08	2.26376e-08	2.23001e-08	2.19656e-08	2.16373e-08	2.13177e-08	2.10094e-08	2.07145e-08	2.04349e-08	2.01725e-08	1.99283e-08	1.97024e-08	1.94908e-08	1.92769e-08	

2.7289e-08	2.7694e-08	2.79205e-08	2.80555e-08	2.81419e-08	2.8201e-08	2.82432e-08	2.8274e-08	2.82959e-08	2.83105e-08	2.83185e-08	2.83204e-08	2.83162e-08	2.83062e-08	2.82903e-08	2.82685e-08	2.82409e-08	2.82073e-08	2.81677e-08	2.81221e-08	2.80703e-08	2.80124e-08	2.79481e-08	2.78773e-08	2.78e-08	2.77157e-08	2.76243e-08	2.75249e-08	2.74164e-08	2.72962e-08	2.71592e-08	
1.81975e-08	1.83451e-08	1.84953e-08	1.86479e-08	1.88027e-08	1.89593e-08	1.91177e-08	1.92775e-08	1.94385e-08	1.96003e-08	1.97628e-08	1.99255e-08	2.00883e-08	2.02509e-08	2.04129e-08	2.05741e-08	2.07342e-08	2.08929e-08	2.10499e-08	2.1205e-08	2.13576e-08	2.15076e-08	2.16542e-08	2.17967e-08	2.19339e-08	2.20635e-08	2.21813e-08	2.22791e-08	2.23398e-08	2.2328e-08	2.217e-08	
2.53158e-09	6.18602e-09	1.19577e-08	1.80026e-08	2.24187e-08	2.49865e-08	2.63045e-08	2.69084e-08	2.71165e-08	2.7099e-08	2.69471e-08	2.67111e-08	2.642e-08	2.60916e-08	2.57374e-08	2.53653e-08	2.49808e-08	2.45883e-08	2.41912e-08	2.37926e-08	2.33952e-08	2.30012e-08	2.2613e-08	2.22327e-08	2.18623e-08	2.15039e-08	2.11594e-08	2.08305e-08	2.0519e-08	2.02265e-08	1.99546e-08	

2.59765e-08	2.62666e-08	2.64544e-08	2.65888e-08	2.66942e-08	2.67822e-08	2.68589e-08	2.69272e-08	2.69887e-08	2.70441e-08	2.70937e-08	2.71379e-08	2.71767e-08	2.72099e-08	2.72377e-08	2.726e-08	2.72766e-08	2.72875e-08	2.72926e-08	2.72918e-08	2.72849e-08	2.7272e-08	2.72528e-08	2.72273e-08	2.71953e-08	2.71567e-08	2.71114e-08	2.70592e-08	 2.7e-08	2.69337e-08	2.68601e-08	
1.68366e-08	1.69333e-08	1.70343e-08	1.71396e-08	1.72488e-08	1.73618e-08	1.74783e-08	1.75982e-08	1.7721e-08	1.78467e-08	1.79748e-08	1.81052e-08	1.82375e-08	1.83716e-08	1.8507e-08	1.86437e-08	1.87812e-08	1.89193e-08	1.90578e-08	1.91963e-08	1.93345e-08	1.94722e-08	1.96088e-08	1.97439e-08	1.98766e-08	2.00056e-08	2.01285e-08	2.02407e-08	2.0333e-08	2.03861e-08	2.03601e-08	
5.03616e-09	1.08048e-08	1.77329e-08	2.31336e-08	2.62346e-08	2.77377e-08	2.83744e-08	2.85658e-08	2.85211e-08	2.83433e-08	2.80848e-08	2.77738e-08	2.74267e-08	2.70534e-08	2.66605e-08	2.62527e-08	2.58336e-08	2.54061e-08	2.49726e-08	2.45356e-08	2.40972e-08	2.36594e-08	2.32242e-08	2.27937e-08	2.23697e-08	2.19542e-08	2.15492e-08	2.11563e-08	2.07775e-08	2.04143e-08	2.00686e-08	

2.40476e-08	2.42847e-08	2.44605e-08	2.46037e-08	2.47284e-08	2.48415e-08	2.49466e-08	2.50455e-08	2.51389e-08	2.52273e-08	2.53109e-08	2.53897e-08	2.54637e-08	2.55329e-08	2.55971e-08	2.56563e-08	2.57103e-08	2.5759e-08	2.58024e-08	2.58402e-08	2.58723e-08	2.58987e-08	2.59191e-08	2.59334e-08	2.59415e-08	2.59432e-08	2.59383e-08	2.59267e-08	2.59082e-08	2.58827e-08	2.58499e-08	
1.5326e-08	1.53789e-08	1.54373e-08	1.55009e-08	1.55696e-08	1.56433e-08	1.57216e-08	1.58044e-08	1.58915e-08	1.59826e-08	1.60775e-08	1.6176e-08	1.62779e-08	1.63828e-08	1.64906e-08	1.6601e-08	1.67137e-08	1.68286e-08	1.69453e-08	1.70636e-08	1.71833e-08	1.7304e-08	1.74254e-08	1.75471e-08	1.76685e-08	1.77888e-08	1.79065e-08	1.80189e-08	1.81205e-08	1.82006e-08	1.82364e-08	
8.71627e-09	1.59388e-08	2.2358e-08	2.62208e-08	2.80655e-08	2.8821e-08	2.9047e-08	2.90113e-08	2.88365e-08	2.85809e-08	2.82734e-08	2.79298e-08	2.75593e-08	2.71675e-08	2.67586e-08	2.63355e-08	2.59008e-08	2.54565e-08	2.50048e-08	2.45475e-08	2.40866e-08	2.36238e-08	2.31612e-08	2.27005e-08	2.22437e-08	2.17926e-08	2.13491e-08	2.0915e-08	2.04921e-08	2.00821e-08	1.96867e-08	

2.18057e-08	2.20091e-08	2.21777e-08	2.23273e-08	2.24656e-08	2.25966e-08	2.2722e-08	2.28429e-08	2.29596e-08	2.30724e-08	2.31813e-08	2.32861e-08	2.3387e-08	2.34837e-08	2.35761e-08	2.36641e-08	2.37477e-08	2.38265e-08	2.39005e-08	2.39696e-08	2.40335e-08	2.40922e-08	2.41453e-08	2.41929e-08	2.42347e-08	2.42705e-08	2.43002e-08	2.43236e-08	2.43404e-08	2.43505e-08	2.43537e-08	
1.38683e-08	1.38844e-08	1.39064e-08	1.39341e-08	1.39675e-08	1.40064e-08	1.40507e-08	1.41e-08	1.41544e-08	1.42135e-08	1.42773e-08	1.43454e-08	1.44178e-08	1.44942e-08	1.45743e-08	1.46581e-08	1.47452e-08	1.48355e-08	1.49287e-08	1.50246e-08	1.5123e-08	1.52237e-08	1.53263e-08	1.54306e-08	1.55361e-08	1.56423e-08	1.57484e-08	1.58527e-08	1.59522e-08	1.60411e-08	1.61071e-08	
1.27506e-08	1.99724e-08	2.49199e-08	2.7393e-08	2.84213e-08	2.87599e-08	2.87765e-08	2.86332e-08	2.84019e-08	2.81162e-08	2.77929e-08	2.74414e-08	2.7067e-08	2.66735e-08	2.62636e-08	2.58395e-08	2.54032e-08	2.49563e-08	2.45008e-08	2.40382e-08	2.35705e-08	2.30992e-08	2.26262e-08	2.21533e-08	2.16823e-08	2.12149e-08	2.0753e-08	2.02983e-08	1.98526e-08	1.94174e-08	1.89945e-08	

1.94794e-08	1.96654e-08	1.98306e-08	1.99841e-08	2.01304e-08	2.0272e-08	2.04097e-08	2.05441e-08	2.06755e-08	2.08038e-08	2.09291e-08	2.10512e-08	2.11701e-08	2.12856e-08	2.13975e-08	2.15058e-08	2.16103e-08	2.17108e-08	2.18071e-08	2.18992e-08	2.19867e-08	2.20697e-08	2.21478e-08	2.22209e-08	2.22888e-08	2.23513e-08	2.24082e-08	2.24594e-08	2.25046e-08	2.25436e-08	2.25762e-08	
1.25004e-08	1.24871e-08	1.24796e-08	1.24781e-08	1.24823e-08	1.24921e-08	1.25075e-08	1.25282e-08	1.25543e-08	1.25854e-08	1.26215e-08	1.26625e-08	1.27081e-08	1.27582e-08	1.28126e-08	1.28711e-08	1.29336e-08	 1.3e-08	1.30699e-08	1.31432e-08	1.32198e-08	1.32994e-08	1.33818e-08	1.34668e-08	1.3554e-08	1.36431e-08	1.37335e-08	1.38242e-08	1.39134e-08	1.39976e-08	1.40699e-08	
1.60428e-08	2.22188e-08	2.57155e-08	2.72589e-08	2.78238e-08	2.79456e-08	2.7861e-08	2.76708e-08	2.74192e-08	2.71269e-08	2.68045e-08	2.64579e-08	2.60907e-08	2.57055e-08	2.53044e-08	2.48892e-08	2.44615e-08	2.40229e-08	2.3575e-08	2.31195e-08	2.26579e-08	2.21918e-08	2.1723e-08	2.12531e-08	2.07839e-08	2.03169e-08	1.98539e-08	1.93965e-08	1.89463e-08	1.85048e-08	1.80737e-08	

1.72279e-08	1.73934e-08	1.75496e-08	1.77003e-08	1.78474e-08	1.7992e-08	1.81343e-08	1.82745e-08	1.84127e-08	1.85488e-08	1.86826e-08	1.88141e-08	1.89431e-08	1.90696e-08	1.91932e-08	1.93139e-08	1.94316e-08	1.9546e-08	1.9657e-08	1.97644e-08	1.98681e-08	1.99678e-08	2.00634e-08	2.01547e-08	2.02415e-08	2.03235e-08	2.04007e-08	2.04728e-08	2.05395e-08	2.06007e-08	2.06561e-08	
1.12511e-08	1.12153e-08	1.11853e-08	1.11608e-08	1.11419e-08	1.11286e-08	1.11206e-08	1.1118e-08	1.11206e-08	1.11283e-08	1.1141e-08	1.11587e-08	1.1181e-08	1.12081e-08	1.12396e-08	1.12755e-08	1.13156e-08	1.13598e-08	1.1408e-08	1.146e-08	1.15156e-08	1.15746e-08	1.1637e-08	1.17025e-08	1.17709e-08	1.1842e-08	1.19155e-08	1.19907e-08	1.2067e-08	1.21427e-08	1.22148e-08	
1.81096e-08	2.2937e-08	2.53288e-08	2.62899e-08	2.65891e-08	2.65935e-08	2.64584e-08	2.62486e-08	2.5993e-08	2.57049e-08	2.53914e-08	2.50565e-08	2.4703e-08	2.43328e-08	2.39477e-08	2.35491e-08	2.31385e-08	2.27174e-08	2.22873e-08	2.18495e-08	2.14056e-08	2.09571e-08	2.05056e-08	2.00525e-08	1.95994e-08	1.91478e-08	1.86992e-08	1.82552e-08	1.78171e-08	1.73863e-08	1.69643e-08	

1.51683e-08	1.53259e-08	1.54766e-08	1.56234e-08	1.57678e-08	1.59105e-08	1.60518e-08	1.61918e-08	1.63304e-08	1.64676e-08	1.66034e-08	1.67375e-08	1.68698e-08	1.70002e-08	1.71285e-08	1.72547e-08	1.73784e-08	1.74997e-08	1.76182e-08	1.77338e-08	1.78464e-08	1.79558e-08	1.80617e-08	1.8164e-08	1.82626e-08	1.83571e-08	1.84474e-08	1.85333e-08	1.86146e-08	1.8691e-08	1.87624e-08	
1.03125e-08	1.02594e-08	1.02115e-08	1.01689e-08	1.01315e-08	1.00993e-08	1.00722e-08	1.00502e-08	1.00333e-08	1.00212e-08	1.0014e-08	1.00116e-08	1.00138e-08	1.00206e-08	1.00319e-08	1.00476e-08	1.00675e-08	1.00916e-08	1.01197e-08	1.01517e-08	1.01876e-08	1.02271e-08	1.02701e-08	1.03165e-08	1.03661e-08	1.04187e-08	1.0474e-08	1.05317e-08	1.0591e-08	1.06507e-08	1.07085e-08	
1.87211e-08	2.21575e-08	2.36814e-08	2.4227e-08	2.43402e-08	2.4261e-08	2.40884e-08	2.38637e-08	2.36053e-08	2.33219e-08	2.30183e-08	2.26972e-08	2.23609e-08	2.20107e-08	2.16483e-08	2.12748e-08	2.08915e-08	2.04998e-08	2.01008e-08	1.96959e-08	1.92863e-08	1.88733e-08	1.84583e-08	1.80424e-08	1.7627e-08	1.72134e-08	1.68028e-08	1.63963e-08	1.59951e-08	1.56005e-08	1.52134e-08	

1.32141e-08	1.33622e-08	1.35048e-08	1.36445e-08	1.37827e-08	1.39199e-08	1.40564e-08	1.41922e-08	1.43274e-08	1.44618e-08	1.45953e-08	1.47279e-08	1.48593e-08	1.49896e-08	1.51184e-08	1.52458e-08	1.53714e-08	1.54952e-08	1.5617e-08	1.57366e-08	1.58539e-08	1.59687e-08	1.60807e-08	1.61899e-08	1.6296e-08	1.63988e-08	1.64982e-08	1.65939e-08	1.66857e-08	1.67734e-08	1.68568e-08	
9.47503e-09	9.40995e-09	9.34969e-09	9.29421e-09	9.24352e-09	9.19758e-09	9.15636e-09	9.11984e-09	9.08796e-09	9.06068e-09	9.03794e-09	9.01969e-09	9.00587e-09	8.9964e-09	8.99121e-09	8.99023e-09	8.99337e-09	9.00055e-09	9.01169e-09	9.02669e-09	9.04544e-09	9.06786e-09	9.09383e-09	9.12323e-09	9.15592e-09	9.19173e-09	9.23043e-09	9.27166e-09	9.31486e-09	9.35895e-09	9.40193e-09	
1.94363e-08	2.21421e-08	2.32839e-08	2.36747e-08	2.37371e-08	2.3651e-08	2.349e-08	2.32851e-08	2.30501e-08	2.27917e-08	2.25137e-08	2.22184e-08	2.19074e-08	2.15823e-08	2.12442e-08	2.08943e-08	2.05339e-08	2.01641e-08	1.97861e-08	1.94012e-08	1.90106e-08	1.86154e-08	1.8217e-08	1.78165e-08	1.74152e-08	1.70143e-08	1.6615e-08	1.62184e-08	1.58256e-08	1.54378e-08	1.50559e-08	

1.1654e-08	1.17795e-08	1.19057e-08	1.20325e-08	1.21598e-08	1.22875e-08	1.24153e-08	1.25433e-08	1.26714e-08	1.27992e-08	1.29269e-08	1.30541e-08	1.31809e-08	1.3307e-08	1.34323e-08	1.35566e-08	1.36799e-08	1.38019e-08	1.39225e-08	1.40416e-08	1.4159e-08	1.42744e-08	1.43878e-08	1.4499e-08	1.46078e-08	1.4714e-08	1.48173e-08	1.49177e-08	1.50148e-08	1.51086e-08	1.51987e-08	
8.72445e-09	8.6526e-09	8.585e-09	8.52165e-09	8.46256e-09	8.40772e-09	8.35711e-09	8.31072e-09	8.26852e-09	8.2305e-09	8.19661e-09	8.16683e-09	8.14111e-09	8.1194e-09	8.10166e-09	8.08784e-09	8.07788e-09	8.07172e-09	8.06929e-09	8.07054e-09	8.07539e-09	8.08378e-09	8.09563e-09	8.11086e-09	8.12939e-09	8.15115e-09	8.17604e-09	8.204e-09	8.23491e-09	8.26871e-09	8.30529e-09	
1.92361e-08	2.12473e-08	2.20512e-08	2.23013e-08	2.23102e-08	2.22079e-08	2.20476e-08	2.18517e-08	2.16304e-08	2.13888e-08	2.11296e-08	2.08549e-08	2.05661e-08	2.02643e-08	1.99507e-08	1.96263e-08	1.92923e-08	1.89497e-08	1.85996e-08	1.8243e-08	1.78812e-08	1.75151e-08	1.71458e-08	1.67745e-08	1.64022e-08	1.603e-08	1.56588e-08	1.52898e-08	1.49239e-08	1.4562e-08	1.4205e-08	

1.03188e-08	1.04329e-08	1.0548e-08	1.0664e-08	1.0781e-08	1.08987e-08	1.1017e-08	1.11359e-08	1.12552e-08	1.13748e-08	1.14946e-08	1.16145e-08	1.17343e-08	1.1854e-08	1.19734e-08	1.20923e-08	1.22106e-08	1.23282e-08	1.2445e-08	1.25608e-08	1.26753e-08	1.27886e-08	1.29004e-08	1.30105e-08	1.31187e-08	1.3225e-08	1.33291e-08	1.34308e-08	1.35299e-08	1.36263e-08	1.37196e-08	
8.18977e-09	8.11293e-09	8.03983e-09	7.9705e-09	7.90495e-09	7.84318e-09	7.7852e-09	7.73101e-09	7.68059e-09	7.63394e-09	7.59103e-09	7.55185e-09	7.51638e-09	7.48458e-09	7.45643e-09	7.43189e-09	7.41092e-09	7.39349e-09	7.37954e-09	7.36904e-09	7.36193e-09	7.35817e-09	7.35769e-09	7.36044e-09	7.36636e-09	7.37539e-09	7.38746e-09	7.40251e-09	7.42047e-09	7.44127e-09	7.46484e-09	
1.88735e-08	2.03625e-08	2.09279e-08	2.10819e-08	2.1056e-08	2.09453e-08	2.07886e-08	2.06025e-08	2.03946e-08	2.01688e-08	1.99275e-08	1.96722e-08	1.9404e-08	1.91241e-08	1.88335e-08	1.85332e-08	1.8224e-08	1.7907e-08	1.75831e-08	1.72533e-08	1.69187e-08	1.658e-08	1.62384e-08	1.58948e-08	1.555e-08	1.52051e-08	1.48609e-08	1.45183e-08	1.41782e-08	1.38413e-08	1.35085e-08	

9.20824e-09	9.31059e-09	9.41426e-09	9.51919e-09	9.62526e-09	9.73239e-09	9.84049e-09	9.94946e-09	1.00592e-08	1.01696e-08	1.02805e-08	1.03919e-08	1.05036e-08	1.06156e-08	1.07276e-08	1.08396e-08	1.09515e-08	1.10631e-08	1.11743e-08	1.12849e-08	1.13948e-08	1.15039e-08	1.1612e-08	1.17189e-08	1.18245e-08	1.19286e-08	1.20311e-08	1.21318e-08	1.22304e-08	1.23268e-08	1.24208e-08	
7.82602e-09	7.74561e-09	7.66852e-09	7.59475e-09	7.52434e-09	7.4573e-09	7.39364e-09	7.33337e-09	7.27648e-09	7.22299e-09	7.17287e-09	7.12613e-09	7.08276e-09	7.04274e-09	7.00604e-09	6.97266e-09	6.94257e-09	6.91573e-09	6.89213e-09	6.87173e-09	6.85449e-09	6.84038e-09	6.82936e-09	6.82139e-09	6.81643e-09	6.81442e-09	6.81532e-09	6.81908e-09	6.82565e-09	6.83497e-09	6.84698e-09	
1.82222e-08	1.93072e-08	1.96984e-08	1.97859e-08	1.97393e-08	1.96276e-08	1.94793e-08	1.93066e-08	1.91153e-08	1.89084e-08	1.86876e-08	1.84543e-08	1.82096e-08	1.79542e-08	1.76892e-08	1.74154e-08	1.71336e-08	1.68447e-08	1.65495e-08	1.62489e-08	1.59438e-08	1.56349e-08	1.53232e-08	1.50095e-08	1.46945e-08	1.43791e-08	1.40641e-08	1.37502e-08	1.34381e-08	1.31286e-08	1.28223e-08	

8.3276e-09	8.41853e-09	8.51099e-09	8.60491e-09	8.7002e-09	8.79677e-09	8.89456e-09	8.99346e-09	9.0934e-09	9.19427e-09	9.29598e-09	9.39844e-09	9.50154e-09	9.60518e-09	9.70925e-09	9.81364e-09	9.91823e-09	1.00229e-08	1.01275e-08	1.0232e-08	1.03362e-08	1.04399e-08	1.05431e-08	1.06455e-08	1.07471e-08	1.08477e-08	1.0947e-08	1.1045e-08	1.11415e-08	1.12363e-08	1.13292e-08	
7.53542e-09	7.45304e-09	7.37359e-09	7.29708e-09	7.22354e-09	7.15299e-09	7.08545e-09	7.02092e-09	6.95943e-09	6.90098e-09	6.84557e-09	6.7932e-09	6.74387e-09	6.69758e-09	6.65431e-09	6.61407e-09	6.57682e-09	6.54257e-09	6.51129e-09	6.48296e-09	6.45755e-09	6.43505e-09	6.41543e-09	6.39865e-09	6.38469e-09	6.37351e-09	6.36508e-09	6.35936e-09	6.35631e-09	6.35588e-09	6.35804e-09	
1.75599e-08	1.83424e-08	1.86082e-08	1.86496e-08	1.85904e-08	1.84808e-08	1.83418e-08	1.81822e-08	1.80066e-08	1.78172e-08	1.76154e-08	1.74024e-08	1.71791e-08	1.69462e-08	1.67045e-08	1.64549e-08	1.6198e-08	1.59345e-08	1.56654e-08	1.53912e-08	1.51128e-08	1.48309e-08	1.45463e-08	1.42595e-08	1.39715e-08	1.36828e-08	1.33941e-08	1.31062e-08	1.28196e-08	1.25349e-08	1.22527e-08	

7.5994e-09	7.67951e-09	7.76129e-09	7.84467e-09	7.92957e-09	8.01593e-09	8.10368e-09	8.19273e-09	8.28301e-09	8.37444e-09	8.46693e-09	8.5604e-09	8.65475e-09	8.74989e-09	8.84572e-09	8.94215e-09	9.03907e-09	9.13637e-09	9.23393e-09	9.33165e-09	9.4294e-09	9.52706e-09	9.6245e-09	9.72158e-09	9.81817e-09	9.91412e-09	1.00093e-08	1.01035e-08	1.01966e-08	1.02884e-08	1.03788e-08	
7.32952e-09	7.24665e-09	7.16633e-09	7.0886e-09	7.01347e-09	6.94099e-09	6.87116e-09	6.80401e-09	6.73955e-09	6.6778e-09	6.61876e-09	6.56245e-09	6.50887e-09	6.45802e-09	6.4099e-09	6.36452e-09	6.32185e-09	6.28191e-09	6.24468e-09	6.21015e-09	6.17831e-09	6.14913e-09	6.12262e-09	6.09874e-09	6.07747e-09	6.0588e-09	6.04269e-09	6.02913e-09	6.01807e-09	6.0095e-09	6.00339e-09	
1.69295e-08	1.74973e-08	1.76769e-08	1.76881e-08	1.76222e-08	1.75164e-08	1.73863e-08	1.72387e-08	1.7077e-08	1.6903e-08	1.6718e-08	1.65228e-08	1.63182e-08	1.61049e-08	1.58836e-08	1.56551e-08	1.54198e-08	1.51787e-08	1.49322e-08	1.46811e-08	1.4426e-08	1.41676e-08	1.39065e-08	1.36434e-08	1.33789e-08	1.31135e-08	1.28479e-08	1.25827e-08	1.23184e-08	1.20556e-08	1.17947e-08	

7.04676e-09	7.11679e-09	7.18858e-09	7.26207e-09	7.33721e-09	7.41393e-09	7.49216e-09	7.57185e-09	7.65292e-09	7.7353e-09	7.81891e-09	7.90368e-09	7.98953e-09	8.07637e-09	8.16411e-09	8.25268e-09	8.34196e-09	8.43187e-09	8.5223e-09	8.61315e-09	8.70431e-09	8.79566e-09	8.88709e-09	8.97847e-09	9.06967e-09	9.16056e-09	9.251e-09	9.34084e-09	9.42994e-09	9.51813e-09	9.60525e-09	
7.13808e-09	7.05637e-09	6.97686e-09	6.89959e-09	6.8246e-09	6.7519e-09	6.68152e-09	6.61349e-09	6.54783e-09	6.48455e-09	6.42368e-09	6.36521e-09	6.30917e-09	6.25557e-09	6.2044e-09	6.15568e-09	6.10941e-09	6.06559e-09	6.02421e-09	5.98528e-09	5.94879e-09	5.91473e-09	5.88309e-09	5.85387e-09	5.82705e-09	5.80262e-09	5.78056e-09	5.76086e-09	5.74349e-09	5.72844e-09	5.71568e-09	
1.64306e-08	1.68605e-08	1.69862e-08	1.69791e-08	1.691e-08	1.68079e-08	1.66849e-08	1.65465e-08	1.63955e-08	1.62333e-08	1.6061e-08	1.58794e-08	1.56892e-08	1.5491e-08	1.52855e-08	1.50733e-08	1.48549e-08	1.46311e-08	1.44023e-08	1.41692e-08	1.39323e-08	1.36923e-08	1.34498e-08	1.32052e-08	1.29592e-08	1.27123e-08	1.24649e-08	1.22177e-08	1.19712e-08	1.17257e-08	1.14817e-08	

6.58746e-09	6.6482e-09	6.71075e-09	6.77507e-09	6.8411e-09	6.9088e-09	6.97811e-09	7.04896e-09	7.12131e-09	7.19508e-09	7.27021e-09	7.34664e-09	7.42429e-09	7.50309e-09	7.58296e-09	7.66382e-09	7.74559e-09	7.82817e-09	7.91148e-09	7.99542e-09	8.0799e-09	8.1648e-09	8.25002e-09	8.33544e-09	8.42095e-09	8.50643e-09	8.59174e-09	8.67675e-09	8.76133e-09	8.84531e-09	8.92856e-09	
7.01294e-09	6.93249e-09	6.85396e-09	6.77737e-09	6.70276e-09	6.63017e-09	6.55961e-09	6.49111e-09	6.4247e-09	6.36039e-09	6.29821e-09	6.23817e-09	6.18029e-09	6.12458e-09	6.07106e-09	6.01972e-09	5.97059e-09	5.92366e-09	5.87894e-09	5.83644e-09	5.79615e-09	5.75808e-09	5.72222e-09	5.68857e-09	5.65712e-09	5.62786e-09	5.6008e-09	5.57591e-09	5.55319e-09	5.53263e-09	5.5142e-09	
1.61057e-08	1.64395e-08	1.65274e-08	1.6507e-08	1.64351e-08	1.63348e-08	1.62162e-08	1.60837e-08	1.59397e-08	1.57854e-08	1.56219e-08	1.54497e-08	1.52696e-08	1.50822e-08	1.48879e-08	1.46874e-08	1.44813e-08	1.427e-08	1.40542e-08	1.38343e-08	1.3611e-08	1.33847e-08	1.3156e-08	1.29253e-08	1.26932e-08	1.24601e-08	1.22266e-08	1.19931e-08	1.17599e-08	1.15277e-08	1.12966e-08	

6.26281e-09	6.315e-09	6.36905e-09	6.4249e-09	6.48252e-09	6.54186e-09	6.60287e-09	6.6655e-09	6.7297e-09	6.79542e-09	6.86259e-09	6.93117e-09	7.00108e-09	7.07226e-09	7.14464e-09	7.21815e-09	7.29271e-09	7.36825e-09	7.44469e-09	7.52193e-09	7.59988e-09	7.67846e-09	7.75756e-09	7.83708e-09	7.91691e-09	7.99693e-09	8.07703e-09	8.15709e-09	8.23696e-09	8.31652e-09	8.39562e-09	
7.04695e-09	6.96598e-09	6.88671e-09	6.80919e-09	6.73344e-09	6.65949e-09	6.58737e-09	6.51711e-09	6.44874e-09	6.38226e-09	6.31772e-09	6.25511e-09	6.19447e-09	6.1358e-09	6.07913e-09	6.02446e-09	5.97181e-09	5.92117e-09	5.87258e-09	5.82602e-09	5.7815e-09	5.73903e-09	5.69861e-09	5.66024e-09	5.62392e-09	5.58964e-09	5.55741e-09	5.52722e-09	5.49906e-09	5.47292e-09	5.4488e-09	
1.58676e-08	1.61082e-08	1.61591e-08	1.61254e-08	1.60501e-08	1.59513e-08	1.58365e-08	1.57093e-08	1.55717e-08	1.54246e-08	1.5269e-08	1.51054e-08	1.49345e-08	1.47568e-08	1.45727e-08	1.43829e-08	1.41878e-08	1.3988e-08	1.37838e-08	1.3576e-08	1.33648e-08	1.31508e-08	1.29346e-08	1.27164e-08	1.24969e-08	1.22763e-08	1.20552e-08	1.1834e-08	1.1613e-08	1.13927e-08	1.11734e-08	

5.99653e-09	6.04089e-09	6.08712e-09	6.13516e-09	6.18499e-09	6.23657e-09	6.28986e-09	6.34481e-09	6.40138e-09	6.45953e-09	6.5192e-09	6.58034e-09	6.6429e-09	6.70681e-09	6.77203e-09	6.83848e-09	6.90609e-09	6.97481e-09	7.04455e-09	7.11523e-09	7.18677e-09	7.25909e-09	7.3321e-09	7.4057e-09	7.4798e-09	7.55428e-09	7.62903e-09	7.70395e-09	7.77891e-09	7.85379e-09	7.92844e-09	
7.122e-09	7.04019e-09	6.95992e-09	6.88124e-09	6.80415e-09	6.72871e-09	6.65493e-09	6.58284e-09	6.51246e-09	6.44383e-09	6.37696e-09	6.31186e-09	6.24857e-09	6.18709e-09	6.12745e-09	6.06965e-09	6.01371e-09	5.95964e-09	5.90745e-09	5.85715e-09	5.80875e-09	5.76225e-09	5.71766e-09	5.67498e-09	5.63422e-09	5.59537e-09	5.55844e-09	5.52342e-09	5.49032e-09	5.45912e-09	5.42983e-09	
1.52158e-08	1.5387e-08	1.54157e-08	1.53795e-08	1.53106e-08	1.52222e-08	1.51201e-08	1.50072e-08	1.48849e-08	1.47541e-08	1.46154e-08	1.44694e-08	1.43167e-08	1.41576e-08	1.39927e-08	1.38223e-08	1.3647e-08	1.34672e-08	1.32833e-08	1.30957e-08	1.29049e-08	1.27114e-08	1.25154e-08	1.23175e-08	1.2118e-08	1.19173e-08	1.17159e-08	1.15139e-08	1.13119e-08	1.11101e-08	1.09089e-08	

5.83522e-09	5.8724e-09	5.91142e-09	5.95227e-09	5.99492e-09	6.03932e-09	6.08545e-09	6.13328e-09	6.18275e-09	6.23384e-09	6.2865e-09	6.34069e-09	6.39635e-09	6.45344e-09	6.5119e-09	6.57167e-09	6.6327e-09	6.69493e-09	6.75828e-09	6.82269e-09	6.88808e-09	6.95437e-09	7.02149e-09	7.08934e-09	7.15783e-09	7.22687e-09	7.29636e-09	7.36618e-09	7.43623e-09	7.50639e-09	7.57652e-09	
7.14398e-09	7.06359e-09	6.98456e-09	6.9069e-09	6.83066e-09	6.75585e-09	6.68252e-09	6.61068e-09	6.54037e-09	6.4716e-09	6.4044e-09	6.33879e-09	6.27479e-09	6.21242e-09	6.1517e-09	6.09264e-09	6.03526e-09	5.97957e-09	5.92558e-09	5.87331e-09	5.82277e-09	5.77396e-09	5.72689e-09	5.68158e-09	5.63802e-09	5.59622e-09	5.55619e-09	5.51792e-09	5.48142e-09	5.44669e-09	5.41373e-09	
1.44656e-08	1.45908e-08	1.46081e-08	1.45752e-08	1.45162e-08	1.44409e-08	1.43539e-08	1.42573e-08	1.41523e-08	1.40395e-08	1.39196e-08	1.37929e-08	1.366e-08	1.35211e-08	1.33768e-08	1.32274e-08	1.30732e-08	1.29148e-08	1.27523e-08	1.25864e-08	1.24172e-08	1.22451e-08	1.20706e-08	1.1894e-08	1.17157e-08	1.15359e-08	1.1355e-08	1.11733e-08	1.09912e-08	1.0809e-08	1.06268e-08	

5.71286e-09	5.74342e-09	5.77582e-09	5.81003e-09	5.84602e-09	5.88377e-09	5.92324e-09	5.96442e-09	6.00726e-09	6.05173e-09	6.0978e-09	6.14543e-09	6.19456e-09	6.24517e-09	6.2972e-09	6.35061e-09	6.40533e-09	6.46132e-09	6.51851e-09	6.57684e-09	6.63625e-09	6.69666e-09	6.75799e-09	6.82018e-09	6.88313e-09	6.94676e-09	7.01097e-09	7.07566e-09	7.14073e-09	7.20607e-09	7.27155e-09	
7.1328e-09	7.05607e-09	6.98047e-09	6.90602e-09	6.83276e-09	6.76071e-09	6.68991e-09	6.62038e-09	6.55215e-09	6.48524e-09	6.41969e-09	6.3555e-09	6.29271e-09	6.23134e-09	6.1714e-09	6.11291e-09	6.05589e-09	6.00036e-09	5.94634e-09	5.89382e-09	5.84284e-09	5.7934e-09	5.74552e-09	5.6992e-09	5.65445e-09	5.61129e-09	5.56971e-09	5.52974e-09	5.49136e-09	5.45459e-09	5.41942e-09	
1.49163e-08	1.49987e-08	1.49937e-08	1.4947e-08	1.48778e-08	1.47941e-08	1.46996e-08	1.45961e-08	1.44845e-08	1.43656e-08	1.42398e-08	1.41077e-08	1.39697e-08	1.3826e-08	1.36772e-08	1.35237e-08	1.33657e-08	1.32037e-08	1.30381e-08	1.28692e-08	1.26974e-08	1.2523e-08	1.23464e-08	1.21679e-08	1.19878e-08	1.18066e-08	1.16244e-08	1.14416e-08	1.12585e-08	1.10754e-08	1.08925e-08	

5.64111e-09	5.66559e-09	5.69188e-09	5.71994e-09	5.74977e-09	5.78134e-09	5.81462e-09	5.8496e-09	5.88624e-09	5.92452e-09	5.9644e-09	6.00585e-09	6.04884e-09	6.09332e-09	6.13926e-09	6.1866e-09	6.23532e-09	6.28534e-09	6.33663e-09	6.38912e-09	6.44275e-09	6.49746e-09	6.55318e-09	6.60984e-09	6.66737e-09	6.72567e-09	6.78467e-09	6.84426e-09	6.90436e-09	6.96486e-09	7.02566e-09	
7.19781e-09	7.12313e-09	7.0494e-09	6.97667e-09	6.90496e-09	6.83429e-09	6.76471e-09	6.69624e-09	6.62889e-09	6.56271e-09	6.49772e-09	6.43393e-09	6.37137e-09	6.31006e-09	6.25003e-09	6.19129e-09	6.13386e-09	6.07776e-09	6.023e-09	5.96961e-09	5.91759e-09	5.86697e-09	5.81775e-09	5.76995e-09	5.72357e-09	5.67864e-09	5.63516e-09	5.59313e-09	5.55257e-09	5.51348e-09	5.47588e-09	
1.47522e-08	1.48284e-08	1.48228e-08	1.47782e-08	1.47121e-08	1.46323e-08	1.45423e-08	1.44437e-08	1.43376e-08	1.42245e-08	1.4105e-08	1.39795e-08	1.38483e-08	1.3712e-08	1.35708e-08	1.3425e-08	1.32751e-08	1.31214e-08	1.29642e-08	1.28039e-08	1.26407e-08	1.24751e-08	1.23074e-08	1.21378e-08	1.19666e-08	1.17942e-08	1.16209e-08	1.14468e-08	1.12724e-08	1.10978e-08	1.09233e-08	

5.6592e-09	5.67806e-09	5.69868e-09	5.72106e-09	5.74517e-09	5.771e-09	5.79852e-09	5.82773e-09	5.85859e-09	5.89108e-09	5.92517e-09	5.96084e-09	5.99805e-09	6.03678e-09	6.07698e-09	6.11861e-09	6.16164e-09	6.20602e-09	6.2517e-09	6.29863e-09	6.34676e-09	6.39602e-09	6.44636e-09	6.49771e-09	6.55e-09	6.60315e-09	6.65708e-09	6.71171e-09	6.76695e-09	6.82269e-09	6.87884e-09	
7.46277e-09	7.38605e-09	7.31022e-09	7.23532e-09	7.16138e-09	7.08843e-09	7.01649e-09	6.94559e-09	6.87576e-09	6.80702e-09	6.73939e-09	6.6729e-09	6.60757e-09	6.54342e-09	6.48047e-09	6.41874e-09	6.35825e-09	6.29901e-09	6.24104e-09	6.18436e-09	6.12899e-09	6.07493e-09	6.0222e-09	5.97082e-09	5.92079e-09	5.87213e-09	5.82485e-09	5.77895e-09	5.73445e-09	5.69136e-09	5.64967e-09	
1.37013e-08	1.37554e-08	1.3752e-08	1.372e-08	1.36716e-08	1.36121e-08	1.35439e-08	1.34682e-08	1.33858e-08	1.32971e-08	1.32025e-08	1.31023e-08	1.29969e-08	1.28866e-08	1.27716e-08	1.26522e-08	1.25288e-08	1.24016e-08	1.22709e-08	1.21371e-08	1.20003e-08	1.18608e-08	1.1719e-08	1.15751e-08	1.14293e-08	1.12819e-08	1.11332e-08	1.09834e-08	1.08328e-08	1.06815e-08	1.05298e-08	

5.68154e-09	5.69524e-09	5.71066e-09	5.72779e-09	5.74662e-09	5.76712e-09	5.7893e-09	5.81312e-09	5.83858e-09	5.86564e-09	5.8943e-09	5.92452e-09	5.95628e-09	5.98954e-09	6.02429e-09	6.06048e-09	6.09807e-09	6.13704e-09	6.17732e-09	6.21889e-09	6.26169e-09	6.30566e-09	6.35075e-09	6.3969e-09	6.44405e-09	6.49212e-09	6.54104e-09	6.59073e-09	6.64111e-09	6.69208e-09	6.74355e-09	
7.69864e-09	7.62109e-09	7.54435e-09	7.46847e-09	7.39348e-09	7.31938e-09	7.24623e-09	7.17403e-09	7.10282e-09	7.03262e-09	6.96345e-09	6.89533e-09	6.82828e-09	6.76233e-09	6.6975e-09	6.6338e-09	6.57125e-09	6.50987e-09	6.44967e-09	6.39068e-09	6.3329e-09	6.27636e-09	6.22106e-09	6.16702e-09	6.11425e-09	6.06276e-09	6.01257e-09	5.96368e-09	5.91611e-09	5.86986e-09	5.82494e-09	
1.47672e-08	1.47923e-08	1.47665e-08	1.47149e-08	1.4648e-08	1.45705e-08	1.44846e-08	1.43914e-08	1.42916e-08	1.41858e-08	1.40743e-08	1.39574e-08	1.38356e-08	1.37091e-08	1.35783e-08	1.34435e-08	1.33049e-08	1.3163e-08	1.30179e-08	1.28699e-08	1.27195e-08	1.25667e-08	1.2412e-08	1.22555e-08	1.20976e-08	1.19384e-08	1.17783e-08	1.16175e-08	1.14561e-08	1.12944e-08	1.11327e-08	

5.77326e-09	5.78223e-09	5.79288e-09	5.80518e-09	5.81914e-09	5.83473e-09	5.85196e-09	5.8708e-09	5.89125e-09	5.91327e-09	5.93687e-09	5.96201e-09	5.98867e-09	6.01683e-09	6.04646e-09	6.07753e-09	6.11001e-09	6.14386e-09	6.17905e-09	6.21553e-09	6.25326e-09	6.29219e-09	6.33227e-09	6.37345e-09	6.41566e-09	6.45884e-09	6.50292e-09	6.54783e-09	6.59348e-09	6.63979e-09	6.68667e-09	
7.81084e-09	7.73651e-09	7.66286e-09	7.58991e-09	7.51768e-09	7.44622e-09	7.37554e-09	7.30566e-09	7.23662e-09	7.16844e-09	7.10113e-09	7.03473e-09	6.96925e-09	6.90472e-09	6.84115e-09	6.77856e-09	6.71698e-09	6.65643e-09	6.59691e-09	6.53845e-09	6.48106e-09	6.42476e-09	6.36956e-09	6.31548e-09	6.26254e-09	6.21074e-09	6.1601e-09	6.11063e-09	6.06234e-09	6.01524e-09	5.96935e-09	
1.38553e-08	1.38798e-08	1.38647e-08	1.38289e-08	1.37803e-08	1.37226e-08	1.36574e-08	1.35856e-08	1.35079e-08	1.34244e-08	1.33357e-08	1.3242e-08	1.31435e-08	1.30406e-08	1.29334e-08	1.28223e-08	1.27075e-08	1.25893e-08	1.24679e-08	1.23436e-08	1.22166e-08	1.20871e-08	1.19554e-08	1.18218e-08	1.16863e-08	1.15494e-08	1.14111e-08	1.12717e-08	1.11314e-08	1.09904e-08	1.08489e-08	

5.86752e-09	5.87222e-09	5.87853e-09	5.88644e-09	5.89595e-09	5.90705e-09	5.91973e-09	5.93398e-09	5.94979e-09	5.96714e-09	5.98603e-09	6.00643e-09	6.02832e-09	6.05169e-09	6.07651e-09	6.10275e-09	6.13039e-09	6.15939e-09	6.18972e-09	6.22135e-09	6.25423e-09	6.28832e-09	6.32357e-09	6.35994e-09	6.39736e-09	6.43578e-09	6.47513e-09	6.51535e-09	6.55636e-09	6.59807e-09	6.64041e-09	
7.81868e-09	7.74952e-09	7.68086e-09	7.61273e-09	7.54516e-09	7.47818e-09	7.41181e-09	7.34608e-09	7.28101e-09	7.21663e-09	7.15295e-09	7.09001e-09	7.02782e-09	6.96641e-09	6.9058e-09	6.846e-09	6.78704e-09	6.72894e-09	6.67171e-09	6.61537e-09	6.55995e-09	6.50545e-09	6.4519e-09	6.39931e-09	6.34769e-09	6.29707e-09	6.24744e-09	6.19884e-09	6.15127e-09	6.10474e-09	6.05927e-09	
1.42363e-08	1.42434e-08	1.4218e-08	1.41749e-08	1.41205e-08	1.40577e-08	1.39879e-08	1.39119e-08	1.38302e-08	1.37431e-08	1.3651e-08	1.35542e-08	1.34528e-08	1.33473e-08	1.32378e-08	1.31246e-08	1.30079e-08	1.28881e-08	1.27652e-08	1.26397e-08	1.25116e-08	1.23813e-08	1.22489e-08	1.21147e-08	1.1979e-08	1.18418e-08	1.17034e-08	1.15641e-08	1.14239e-08	1.12831e-08	1.11419e-08	

5.97578e-09	5.97671e-09	5.97918e-09	5.98318e-09	5.98872e-09	5.99579e-09	6.00438e-09	6.01449e-09	6.02611e-09	6.03922e-09	6.05382e-09	6.06989e-09	6.08741e-09	6.10637e-09	6.12675e-09	6.14853e-09	6.17168e-09	6.19617e-09	6.22197e-09	6.24905e-09	6.27738e-09	6.30691e-09	6.33761e-09	6.36942e-09	6.40229e-09	6.43618e-09	6.47101e-09	6.50673e-09	6.54326e-09	6.58054e-09	6.61847e-09	
8.10441e-09	8.03477e-09	7.96558e-09	7.89686e-09	7.82865e-09	7.76096e-09	7.69383e-09	7.62728e-09	7.56133e-09	7.496e-09	7.43132e-09	7.36731e-09	7.30398e-09	7.24137e-09	7.17949e-09	7.11836e-09	7.058e-09	6.99842e-09	6.93966e-09	6.88172e-09	6.82461e-09	6.76837e-09	6.713e-09	6.65852e-09	6.60495e-09	6.5523e-09	6.50058e-09	6.44981e-09	 6.4e-09	6.35116e-09	6.30331e-09	
1.42484e-08	1.42568e-08	1.42336e-08	1.41932e-08	1.41418e-08	1.40823e-08	1.40161e-08	1.3944e-08	1.38665e-08	1.37839e-08	1.36965e-08	1.36046e-08	1.35084e-08	1.34082e-08	1.33042e-08	1.31967e-08	1.30859e-08	1.2972e-08	1.28552e-08	1.27358e-08	1.2614e-08	1.249e-08	1.23639e-08	1.22361e-08	1.21067e-08	1.19759e-08	1.18439e-08	1.17109e-08	1.1577e-08	1.14424e-08	1.13074e-08	

6.14989e-09	6.14743e-09	6.14644e-09	6.14691e-09	6.14885e-09	6.15226e-09	6.15713e-09	6.16346e-09	6.17123e-09	6.18045e-09	6.1911e-09	6.20318e-09	6.21666e-09	6.23154e-09	6.24779e-09	6.2654e-09	6.28435e-09	6.30461e-09	6.32615e-09	6.34895e-09	6.37298e-09	6.39819e-09	6.42455e-09	6.45201e-09	6.48053e-09	6.51006e-09	6.54054e-09	6.57191e-09	6.6041e-09	6.63705e-09	6.67067e-09	
8.51891e-09	8.44646e-09	8.37444e-09	8.3029e-09	8.23185e-09	8.16132e-09	8.09133e-09	8.0219e-09	7.95306e-09	7.88483e-09	7.81722e-09	7.75027e-09	7.68398e-09	7.61838e-09	7.55349e-09	7.48932e-09	7.4259e-09	7.36324e-09	7.30136e-09	7.24027e-09	7.17999e-09	7.12054e-09	7.06193e-09	7.00417e-09	6.94729e-09	6.89129e-09	6.83619e-09	6.782e-09	6.72874e-09	6.67641e-09	6.62504e-09	
1.38696e-08	1.38829e-08	1.38668e-08	1.38347e-08	1.37923e-08	1.37424e-08	1.36862e-08	1.36244e-08	1.35574e-08	1.34857e-08	1.34095e-08	1.3329e-08	1.32444e-08	1.31559e-08	1.30638e-08	1.29683e-08	1.28696e-08	1.27679e-08	1.26634e-08	1.25562e-08	1.24467e-08	1.23349e-08	1.22211e-08	1.21054e-08	1.19881e-08	1.18692e-08	1.17491e-08	1.16277e-08	1.15054e-08	1.13823e-08	1.12584e-08	

6.30858e-09	6.30317e-09	6.29916e-09	6.29654e-09	6.29531e-09	6.29547e-09	6.29703e-09	6.29997e-09	6.3043e-09	6.31e-09	6.31708e-09	6.32552e-09	6.33531e-09	6.34644e-09	6.3589e-09	6.37266e-09	6.38772e-09	6.40405e-09	6.42162e-09	6.44041e-09	6.46039e-09	6.48152e-09	6.50378e-09	6.52712e-09	6.55149e-09	6.57686e-09	6.60316e-09	6.63034e-09	6.65835e-09	6.6871e-09	6.71653e-09	
8.77948e-09	8.70846e-09	8.63781e-09	8.56756e-09	8.49772e-09	8.42832e-09	8.35938e-09	8.29092e-09	8.22297e-09	8.15554e-09	8.08865e-09	8.02233e-09	7.9566e-09	7.89147e-09	7.82696e-09	7.76308e-09	7.69987e-09	7.63733e-09	7.57548e-09	7.51433e-09	7.45391e-09	7.39423e-09	7.3353e-09	7.27714e-09	7.21977e-09	7.16319e-09	7.10742e-09	7.05247e-09	6.99836e-09	6.9451e-09	6.8927e-09	
1.44323e-08	1.44191e-08	1.43877e-08	1.43453e-08	1.42949e-08	1.42382e-08	1.41759e-08	1.41085e-08	1.40363e-08	1.39597e-08	1.38787e-08	1.37937e-08	1.37049e-08	1.36125e-08	1.35167e-08	1.34176e-08	1.33156e-08	1.32108e-08	1.31034e-08	1.29936e-08	1.28815e-08	1.27675e-08	1.26515e-08	1.25339e-08	1.24148e-08	1.22943e-08	1.21726e-08	1.205e-08	1.19264e-08	1.18021e-08	1.16773e-08	

6.49036e-09	6.48221e-09	6.47536e-09	6.46983e-09	6.46562e-09	6.46272e-09	6.46115e-09	6.46088e-09	6.46194e-09	6.4643e-09	6.46797e-09	6.47294e-09	6.47919e-09	6.48673e-09	6.49554e-09	6.50559e-09	6.51689e-09	6.5294e-09	6.54311e-09	6.55799e-09	6.57402e-09	6.59117e-09	6.6094e-09	6.62867e-09	6.64895e-09	6.67019e-09	6.69234e-09	6.71535e-09	6.73916e-09	6.7637e-09	6.78891e-09	
8.79209e-09	8.72708e-09	8.6623e-09	8.59777e-09	8.5335e-09	8.46954e-09	8.40589e-09	8.34257e-09	8.27962e-09	8.21704e-09	8.15486e-09	8.09311e-09	8.03179e-09	7.97092e-09	7.91054e-09	7.85064e-09	7.79126e-09	7.73241e-09	7.67411e-09	7.61636e-09	7.5592e-09	7.50263e-09	7.44668e-09	7.39135e-09	7.33666e-09	7.28263e-09	7.22927e-09	7.17659e-09	7.12462e-09	7.07335e-09	7.02281e-09	
1.38986e-08	1.38943e-08	1.38734e-08	1.38425e-08	1.38042e-08	1.376e-08	1.37106e-08	1.36565e-08	1.35978e-08	1.35349e-08	1.3468e-08	1.33972e-08	1.33227e-08	1.32448e-08	1.31635e-08	1.30792e-08	1.29919e-08	1.29018e-08	1.28091e-08	1.2714e-08	1.26166e-08	1.25172e-08	1.24158e-08	1.23126e-08	1.22077e-08	1.21014e-08	1.19938e-08	1.1885e-08	1.17751e-08	1.16643e-08	1.15527e-08	

6.74981e-09	6.73891e-09	6.72924e-09	6.72082e-09	6.71363e-09	6.7077e-09	6.70301e-09	6.69957e-09	6.69738e-09	6.69643e-09	6.69671e-09	6.69824e-09	6.70098e-09	6.70495e-09	6.71012e-09	6.71649e-09	6.72404e-09	6.73275e-09	6.7426e-09	6.75357e-09	6.76564e-09	6.77877e-09	6.79295e-09	6.80812e-09	6.82425e-09	6.84131e-09	6.85924e-09	6.87799e-09	6.89751e-09	6.91773e-09	6.93859e-09	
8.95514e-09	8.89318e-09	8.83137e-09	8.76972e-09	8.70826e-09	8.64701e-09	8.58598e-09	8.52521e-09	8.4647e-09	8.40449e-09	8.34458e-09	8.285e-09	8.22576e-09	8.16689e-09	8.10841e-09	8.05032e-09	7.99265e-09	7.93542e-09	7.87864e-09	7.82232e-09	7.76649e-09	7.71116e-09	7.65634e-09	7.60206e-09	7.54832e-09	7.49514e-09	7.44254e-09	7.39052e-09	7.33911e-09	7.28831e-09	7.23814e-09	
1.43609e-08	1.43525e-08	1.43274e-08	1.4292e-08	1.42495e-08	1.42012e-08	1.41478e-08	1.40899e-08	1.40277e-08	1.39615e-08	1.38914e-08	1.38177e-08	1.37405e-08	1.36601e-08	1.35766e-08	1.34901e-08	1.3401e-08	1.33092e-08	1.3215e-08	1.31186e-08	1.30201e-08	1.29196e-08	1.28174e-08	1.27135e-08	1.26081e-08	1.25014e-08	1.23934e-08	1.22844e-08	1.21745e-08	1.20637e-08	1.19522e-08	

7.01973e-09	7.00599e-09	6.99342e-09	6.98201e-09	6.97178e-09	6.96273e-09	6.95485e-09	6.94815e-09	6.94263e-09	6.93828e-09	6.93511e-09	6.93311e-09	6.93226e-09	6.93257e-09	6.93402e-09	6.93661e-09	6.94031e-09	6.94512e-09	6.95101e-09	6.95796e-09	6.96595e-09	6.97495e-09	6.98494e-09	6.99587e-09	7.00772e-09	7.02044e-09	7.03398e-09	7.0483e-09	7.06335e-09	7.07905e-09	7.09536e-09	
9.42922e-09	9.36459e-09	9.30012e-09	9.23582e-09	9.17171e-09	9.10781e-09	9.04415e-09	8.98074e-09	8.91759e-09	8.85473e-09	8.79218e-09	8.72996e-09	8.66807e-09	8.60654e-09	8.54538e-09	8.48461e-09	8.42425e-09	8.36431e-09	8.30481e-09	8.24576e-09	8.18718e-09	8.12908e-09	8.07147e-09	8.01438e-09	7.95781e-09	7.90177e-09	7.84629e-09	7.79137e-09	7.73702e-09	7.68327e-09	7.63011e-09	
1.4182e-08	1.41775e-08	1.41571e-08	1.41271e-08	1.40903e-08	1.4048e-08	1.4001e-08	1.39496e-08	1.38942e-08	1.3835e-08	1.37722e-08	1.3706e-08	1.36364e-08	1.35638e-08	1.34882e-08	1.34098e-08	1.33287e-08	1.32452e-08	1.31594e-08	1.30713e-08	1.29812e-08	1.28892e-08	1.27954e-08	1.27e-08	1.26031e-08	1.25048e-08	1.24053e-08	1.23046e-08	1.2203e-08	1.21005e-08	1.19972e-08	

7.30682e-09	7.29026e-09	7.2748e-09	7.26044e-09	7.24719e-09	7.23504e-09	7.224e-09	7.21407e-09	7.20524e-09	7.19753e-09	7.19091e-09	7.1854e-09	7.18098e-09	7.17765e-09	7.17539e-09	7.1742e-09	7.17406e-09	7.17495e-09	7.17687e-09	7.17979e-09	7.18368e-09	7.18853e-09	7.19429e-09	7.20095e-09	7.20846e-09	7.21679e-09	7.22589e-09	7.23571e-09	7.24619e-09	7.25729e-09	7.26894e-09	
9.76446e-09	9.69991e-09	9.63548e-09	9.57119e-09	9.50707e-09	9.44313e-09	9.37938e-09	9.31586e-09	9.25256e-09	9.18952e-09	9.12675e-09	9.06426e-09	9.00207e-09	8.9402e-09	8.87866e-09	8.81747e-09	8.75663e-09	8.69618e-09	8.63611e-09	8.57645e-09	8.51721e-09	8.4584e-09	8.40004e-09	8.34214e-09	8.28471e-09	8.22776e-09	8.17131e-09	8.11537e-09	8.05995e-09	8.00506e-09	7.95071e-09	
1.40863e-08	1.40858e-08	1.40702e-08	1.40454e-08	1.40141e-08	1.39776e-08	1.39367e-08	1.38917e-08	1.38428e-08	1.37904e-08	1.37345e-08	1.36754e-08	1.36131e-08	1.35479e-08	1.34798e-08	1.34091e-08	1.33358e-08	1.32601e-08	1.31821e-08	1.3102e-08	1.30199e-08	1.29359e-08	1.28502e-08	1.27628e-08	1.2674e-08	1.25837e-08	1.24922e-08	1.23995e-08	1.23058e-08	1.22111e-08	1.21156e-08	

7.59658e-09	7.57757e-09	7.55958e-09	7.54261e-09	7.52668e-09	7.51177e-09	7.4979e-09	7.48507e-09	7.47327e-09	7.4625e-09	7.45276e-09	7.44404e-09	7.43635e-09	7.42967e-09	7.42399e-09	7.41931e-09	7.4156e-09	7.41286e-09	7.41107e-09	7.41021e-09	7.41025e-09	7.41118e-09	7.41296e-09	7.41556e-09	7.41895e-09	7.42308e-09	7.42793e-09	7.43343e-09	7.43954e-09	7.44619e-09	7.45334e-09	
9.88057e-09	9.82096e-09	9.76138e-09	9.70185e-09	9.64239e-09	9.58302e-09	9.52375e-09	9.46459e-09	9.40558e-09	9.34671e-09	9.28802e-09	9.22951e-09	9.17119e-09	9.1131e-09	9.05523e-09	8.99761e-09	8.94025e-09	8.88316e-09	8.82636e-09	8.76986e-09	8.71368e-09	8.65783e-09	8.60231e-09	8.54716e-09	8.49237e-09	8.43796e-09	8.38394e-09	8.33032e-09	8.27712e-09	8.22435e-09	8.17202e-09	
1.45619e-08	1.45556e-08	1.45339e-08	1.4503e-08	1.44657e-08	1.44234e-08	1.43768e-08	1.43263e-08	1.42723e-08	1.42149e-08	1.41543e-08	1.40907e-08	1.40242e-08	1.3955e-08	1.38832e-08	1.3809e-08	1.37324e-08	1.36537e-08	1.35728e-08	1.34901e-08	1.34056e-08	1.33194e-08	1.32317e-08	1.31425e-08	1.30519e-08	1.29602e-08	1.28674e-08	1.27735e-08	1.26788e-08	1.25833e-08	1.2487e-08	

7.93775e-09	7.9168e-09	7.89679e-09	7.87773e-09	7.85962e-09	7.84247e-09	7.82627e-09	7.81102e-09	7.79673e-09	7.78339e-09	7.771e-09	7.75956e-09	7.74905e-09	7.73948e-09	7.73083e-09	7.72309e-09	7.71626e-09	7.71031e-09	7.70523e-09	7.70099e-09	7.69759e-09	7.69498e-09	7.69315e-09	7.69207e-09	7.69169e-09	7.69198e-09	7.6929e-09	7.6944e-09	7.69643e-09	7.69893e-09	7.70184e-09	
9.92914e-09	9.87489e-09	9.82058e-09	9.76623e-09	9.71186e-09	9.65748e-09	9.60312e-09	9.54878e-09	9.49448e-09	9.44024e-09	9.38608e-09	9.33201e-09	9.27803e-09	9.22418e-09	9.17046e-09	9.11689e-09	9.06348e-09	9.01024e-09	8.95719e-09	8.90435e-09	8.85172e-09	8.79931e-09	8.74715e-09	8.69524e-09	8.6436e-09	8.59223e-09	8.54115e-09	8.49038e-09	8.43992e-09	8.38978e-09	8.33998e-09	
1.37338e-08	1.37416e-08	1.37359e-08	1.3722e-08	1.37023e-08	1.36781e-08	1.36499e-08	1.36181e-08	1.3583e-08	1.35446e-08	1.35032e-08	1.34589e-08	1.34117e-08	1.33619e-08	1.33095e-08	1.32547e-08	1.31975e-08	1.31381e-08	1.30765e-08	1.3013e-08	1.29475e-08	1.28802e-08	1.28113e-08	1.27407e-08	1.26687e-08	1.25952e-08	1.25205e-08	1.24445e-08	1.23674e-08	1.22893e-08	1.22103e-08	

8.21533e-09	8.19309e-09	8.17171e-09	8.15119e-09	8.13153e-09	8.11274e-09	8.09481e-09	8.07775e-09	8.06156e-09	8.04623e-09	8.03177e-09	8.01816e-09	8.0054e-09	7.99348e-09	7.9824e-09	7.97215e-09	7.9627e-09	7.95405e-09	7.94619e-09	7.93908e-09	7.93271e-09	7.92706e-09	7.92209e-09	7.91778e-09	7.91409e-09	7.91098e-09	7.90842e-09	7.90635e-09	7.90473e-09	7.90349e-09	7.90257e-09	
1.03004e-08	1.02459e-08	1.01913e-08	1.01367e-08	1.00821e-08	1.00274e-08	9.97279e-09	9.91814e-09	9.86352e-09	9.80894e-09	9.75441e-09	9.69995e-09	9.64557e-09	9.59129e-09	9.53712e-09	9.48306e-09	9.42914e-09	9.37537e-09	9.32175e-09	9.26831e-09	9.21505e-09	9.16199e-09	9.10913e-09	9.05649e-09	9.00407e-09	8.9519e-09	8.89998e-09	8.84832e-09	8.79694e-09	8.74583e-09	8.69502e-09	
1.47684e-08	1.4742e-08	1.4712e-08	1.46784e-08	1.46414e-08	1.4601e-08	1.45575e-08	1.45108e-08	1.44612e-08	1.44088e-08	1.43537e-08	1.42959e-08	1.42357e-08	1.41731e-08	1.41083e-08	1.40413e-08	1.39724e-08	1.39015e-08	1.38288e-08	1.37545e-08	1.36786e-08	1.36011e-08	1.35223e-08	1.34423e-08	1.3361e-08	1.32786e-08	1.31953e-08	1.3111e-08	1.30259e-08	1.294e-08	1.28535e-08	

8.46814e-09	8.44526e-09	8.42315e-09	8.40181e-09	8.38124e-09	8.36145e-09	8.34242e-09	8.32417e-09	8.30669e-09	8.28998e-09	8.27404e-09	8.25886e-09	8.24443e-09	8.23076e-09	8.21782e-09	8.20561e-09	8.19412e-09	8.18332e-09	8.17321e-09	8.16377e-09	8.15497e-09	8.14679e-09	8.13919e-09	8.13216e-09	8.12566e-09	8.11964e-09	8.11407e-09	8.10889e-09	8.10407e-09	8.09954e-09	8.09524e-09	
1.06753e-08	1.06205e-08	1.05656e-08	1.05107e-08	1.04557e-08	1.04007e-08	1.03457e-08	1.02907e-08	1.02358e-08	1.01808e-08	1.01259e-08	1.0071e-08	1.00162e-08	9.96148e-09	9.90685e-09	9.85231e-09	9.79788e-09	9.74358e-09	9.68941e-09	9.63539e-09	9.58152e-09	9.52781e-09	9.47428e-09	9.42094e-09	9.3678e-09	9.31486e-09	9.26214e-09	9.20964e-09	9.15738e-09	9.10537e-09	9.0536e-09	
1.37972e-08	1.37894e-08	1.37782e-08	1.37639e-08	1.37464e-08	1.37258e-08	1.37023e-08	1.36758e-08	1.36466e-08	1.36146e-08	1.358e-08	1.35429e-08	1.35034e-08	1.34615e-08	1.34174e-08	1.33711e-08	1.33227e-08	1.32724e-08	1.32201e-08	1.31661e-08	1.31104e-08	1.30531e-08	1.29942e-08	1.29338e-08	1.28722e-08	1.28092e-08	1.2745e-08	1.26797e-08	1.26133e-08	1.2546e-08	1.24778e-08	

8.70646e-09	8.68347e-09	8.66115e-09	8.63951e-09	8.61853e-09	8.59824e-09	8.57862e-09	8.55968e-09	8.54141e-09	8.52382e-09	8.50689e-09	8.49063e-09	8.47502e-09	8.46006e-09	8.44574e-09	8.43204e-09	8.41897e-09	8.40649e-09	8.39459e-09	8.38326e-09	8.37247e-09	8.36219e-09	8.35241e-09	8.34308e-09	8.33417e-09	8.32565e-09	8.31747e-09	8.30959e-09	8.30196e-09	8.29451e-09	8.2872e-09	
1.08037e-08	1.07526e-08	1.07014e-08	1.065e-08	1.05986e-08	1.05471e-08	1.04956e-08	1.0444e-08	1.03923e-08	1.03406e-08	1.02889e-08	1.02372e-08	1.01855e-08	1.01338e-08	1.00821e-08	1.00305e-08	9.97892e-09	9.9274e-09	9.87595e-09	9.82458e-09	9.77329e-09	9.72211e-09	9.67103e-09	9.62007e-09	9.56924e-09	9.51854e-09	9.46799e-09	9.41759e-09	9.36736e-09	9.31729e-09	9.26741e-09	
1.44424e-08	1.44249e-08	1.44043e-08	1.43807e-08	1.43541e-08	1.43248e-08	1.42927e-08	1.42579e-08	1.42206e-08	1.41808e-08	1.41387e-08	1.40943e-08	1.40477e-08	1.3999e-08	1.39483e-08	1.38958e-08	1.38414e-08	1.37853e-08	1.37276e-08	1.36683e-08	1.36075e-08	1.35454e-08	1.34819e-08	1.34173e-08	1.33515e-08	1.32846e-08	1.32167e-08	1.31479e-08	1.30783e-08	1.30079e-08	1.29367e-08	

9.0038e-09	8.98102e-09	8.95881e-09	8.93718e-09	8.91613e-09	8.89566e-09	8.87578e-09	8.85647e-09	8.83775e-09	8.81959e-09	8.80201e-09	8.78499e-09	8.76852e-09	8.7526e-09	8.73722e-09	8.72236e-09	8.70802e-09	8.69417e-09	8.68079e-09	8.66787e-09	8.65539e-09	8.64331e-09	8.63161e-09	8.62026e-09	8.60922e-09	8.59846e-09	8.58792e-09	8.57757e-09	8.56734e-09	8.55719e-09	8.54705e-09	
1.08078e-08	1.07622e-08	1.07164e-08	1.06705e-08	1.06244e-08	1.05781e-08	1.05317e-08	1.04852e-08	1.04386e-08	1.03919e-08	1.03451e-08	1.02982e-08	1.02512e-08	1.02042e-08	1.01572e-08	1.01101e-08	1.00629e-08	1.00158e-08	9.96863e-09	9.92147e-09	9.87433e-09	9.8272e-09	9.7801e-09	9.73304e-09	9.68603e-09	9.63907e-09	9.59217e-09	9.54534e-09	9.49859e-09	9.45192e-09	9.40535e-09	
1.4227e-08	1.42143e-08	1.41988e-08	1.41806e-08	1.41596e-08	1.41361e-08	1.41101e-08	1.40816e-08	1.40507e-08	1.40176e-08	1.39823e-08	1.39449e-08	1.39054e-08	1.3864e-08	1.38207e-08	1.37756e-08	1.37288e-08	1.36804e-08	1.36304e-08	1.3579e-08	1.35261e-08	1.34719e-08	1.34165e-08	1.33598e-08	1.3302e-08	1.32432e-08	1.31834e-08	1.31227e-08	1.30611e-08	1.29987e-08	1.29356e-08	

9.26266e-09	9.23991e-09	9.21766e-09	9.19589e-09	9.17462e-09	9.15384e-09	9.13355e-09	9.11374e-09	9.09442e-09	9.07558e-09	9.05721e-09	9.0393e-09	9.02186e-09	9.00486e-09	8.9883e-09	8.97216e-09	8.95643e-09	8.94109e-09	8.92612e-09	8.91151e-09	8.89722e-09	8.88323e-09	8.86952e-09	8.85604e-09	8.84276e-09	8.82964e-09	8.81664e-09	8.80371e-09	8.79079e-09	8.77784e-09	8.76477e-09	
1.10423e-08	1.09992e-08	1.09558e-08	1.09123e-08	1.08686e-08	1.08247e-08	1.07807e-08	1.07365e-08	1.06921e-08	1.06477e-08	1.06031e-08	1.05584e-08	1.05135e-08	1.04686e-08	1.04236e-08	1.03786e-08	1.03334e-08	1.02882e-08	1.0243e-08	1.01977e-08	1.01524e-08	1.0107e-08	1.00617e-08	1.00163e-08	9.97092e-09	9.92554e-09	9.88018e-09	9.83484e-09	9.78952e-09	9.74424e-09	9.69899e-09	
1.38406e-08	1.3835e-08	1.38267e-08	1.3816e-08	1.38028e-08	1.37872e-08	1.37693e-08	1.37491e-08	1.37268e-08	1.37024e-08	1.36759e-08	1.36474e-08	1.36171e-08	1.35849e-08	1.35509e-08	1.35152e-08	1.34779e-08	1.3439e-08	1.33986e-08	1.33568e-08	1.33136e-08	1.32691e-08	1.32234e-08	1.31764e-08	1.31284e-08	1.30793e-08	1.30292e-08	1.29781e-08	1.29262e-08	1.28735e-08	1.28199e-08	

9.53645e-09	9.51357e-09	9.4911e-09	9.46904e-09	9.44739e-09	9.42614e-09	9.40529e-09	9.38485e-09	9.3648e-09	9.34513e-09	9.32585e-09	9.30693e-09	9.28839e-09	9.27019e-09	9.25233e-09	9.2348e-09	9.21757e-09	9.20064e-09	9.18397e-09	9.16755e-09	9.15135e-09	9.13535e-09	9.1195e-09	9.10379e-09	9.08816e-09	9.07259e-09	9.05701e-09	9.04139e-09	9.02567e-09	9.00979e-09	8.99368e-09	
1.13385e-08	1.12961e-08	1.12535e-08	1.12107e-08	1.11677e-08	1.11245e-08	1.10812e-08	1.10377e-08	1.09941e-08	1.09503e-08	1.09063e-08	1.08623e-08	1.08181e-08	1.07739e-08	1.07295e-08	1.0685e-08	1.06404e-08	1.05958e-08	1.05511e-08	1.05063e-08	1.04615e-08	1.04166e-08	1.03717e-08	1.03267e-08	1.02817e-08	1.02367e-08	1.01916e-08	1.01466e-08	1.01015e-08	1.00564e-08	1.00113e-08	
1.42792e-08	1.42664e-08	1.42512e-08	1.42337e-08	1.42141e-08	1.41924e-08	1.41686e-08	1.41427e-08	1.4115e-08	1.40854e-08	1.4054e-08	1.40209e-08	1.39861e-08	1.39498e-08	1.39118e-08	1.38725e-08	1.38317e-08	1.37896e-08	1.37462e-08	1.37016e-08	1.36558e-08	1.36089e-08	1.3561e-08	1.35121e-08	1.34623e-08	1.34116e-08	1.33601e-08	1.33078e-08	1.32548e-08	1.32011e-08	1.31468e-08	

9.81554e-09	9.7926e-09	9.76998e-09	9.74769e-09	9.72573e-09	9.70409e-09	9.68277e-09	9.66177e-09	9.64106e-09	9.62066e-09	9.60055e-09	9.58072e-09	9.56116e-09	9.54186e-09	9.5228e-09	9.50396e-09	9.48534e-09	9.4669e-09	9.44863e-09	9.4305e-09	9.41249e-09	9.39456e-09	9.37668e-09	9.35882e-09	9.34094e-09	9.323e-09	9.30494e-09	9.28671e-09	9.26826e-09	9.24953e-09	9.23045e-09	
1.14916e-08	1.14519e-08	1.14119e-08	1.13718e-08	1.13314e-08	1.12908e-08	1.12501e-08	1.12091e-08	1.1168e-08	1.11267e-08	1.10853e-08	1.10437e-08	1.10019e-08	1.096e-08	1.0918e-08	1.08758e-08	1.08335e-08	1.07911e-08	1.07486e-08	1.0706e-08	1.06633e-08	1.06205e-08	1.05777e-08	1.05347e-08	1.04917e-08	1.04486e-08	1.04054e-08	1.03622e-08	1.03189e-08	1.02756e-08	1.02322e-08	
1.37188e-08	1.37156e-08	1.37103e-08	1.3703e-08	1.36937e-08	1.36825e-08	1.36693e-08	1.36544e-08	1.36376e-08	1.36192e-08	1.3599e-08	1.35772e-08	1.35539e-08	1.3529e-08	1.35026e-08	1.34749e-08	1.34458e-08	1.34154e-08	1.33837e-08	1.33508e-08	1.33168e-08	1.32816e-08	1.32454e-08	1.32082e-08	1.31701e-08	1.3131e-08	1.30911e-08	1.30504e-08	1.30088e-08	1.29666e-08	1.29237e-08	

1.00857e-08	1.0063e-08	1.00406e-08	1.00184e-08	9.99649e-09	9.97481e-09	9.95337e-09	9.93215e-09	9.91116e-09	9.89037e-09	9.86979e-09	9.84939e-09	9.82917e-09	9.80911e-09	9.7892e-09	9.76941e-09	9.74974e-09	9.73015e-09	9.71062e-09	9.69112e-09	9.67164e-09	9.65213e-09	9.63256e-09	9.61289e-09	9.59308e-09	9.5731e-09	9.55287e-09	9.53236e-09	9.51151e-09	9.49024e-09	9.46849e-09	
1.15044e-08	1.14691e-08	1.14336e-08	1.13979e-08	1.13619e-08	1.13256e-08	1.12891e-08	1.12525e-08	1.12156e-08	1.11784e-08	1.11411e-08	1.11036e-08	1.10659e-08	1.1028e-08	1.09899e-08	1.09517e-08	1.09133e-08	1.08747e-08	1.0836e-08	1.07971e-08	1.07581e-08	1.07189e-08	1.06796e-08	1.06402e-08	1.06006e-08	1.05609e-08	1.05211e-08	1.04812e-08	1.04411e-08	1.0401e-08	1.03608e-08	
1.37768e-08	1.37724e-08	1.37662e-08	1.37581e-08	1.37483e-08	1.37368e-08	1.37236e-08	1.37088e-08	1.36924e-08	1.36745e-08	1.36551e-08	1.36343e-08	1.3612e-08	1.35885e-08	1.35636e-08	1.35375e-08	1.35102e-08	1.34818e-08	1.34522e-08	1.34216e-08	1.33899e-08	1.33573e-08	1.33238e-08	1.32893e-08	1.3254e-08	1.3218e-08	1.31811e-08	1.31436e-08	1.31053e-08	1.30664e-08	1.30269e-08	

1.03838e-08	1.03619e-08	1.03401e-08	1.03186e-08	1.02971e-08	1.02759e-08	1.02548e-08	1.02338e-08	1.02129e-08	1.01922e-08	1.01716e-08	1.01511e-08	1.01306e-08	1.01103e-08	1.00899e-08	1.00696e-08	1.00493e-08	1.0029e-08	1.00086e-08	9.9882e-09	9.96765e-09	9.94696e-09	9.92609e-09	9.90501e-09	9.88366e-09	9.86201e-09	9.83999e-09	9.81756e-09	9.79464e-09	9.77119e-09	9.74711e-09	
1.15496e-08	1.15182e-08	1.14864e-08	1.14544e-08	1.1422e-08	1.13895e-08	1.13567e-08	1.13236e-08	1.12903e-08	1.12567e-08	1.12229e-08	1.11889e-08	1.11547e-08	1.11202e-08	1.10855e-08	1.10507e-08	1.10156e-08	1.09803e-08	1.09448e-08	1.09091e-08	1.08733e-08	1.08372e-08	1.0801e-08	1.07646e-08	1.07281e-08	1.06913e-08	1.06544e-08	1.06174e-08	1.05801e-08	1.05428e-08	1.05052e-08	
1.3775e-08	1.377e-08	1.37635e-08	1.37553e-08	1.37457e-08	1.37345e-08	1.37219e-08	1.37078e-08	1.36924e-08	1.36756e-08	1.36576e-08	1.36383e-08	1.36178e-08	1.35961e-08	1.35733e-08	1.35495e-08	1.35245e-08	1.34986e-08	1.34717e-08	1.34439e-08	1.34151e-08	1.33856e-08	1.33552e-08	1.3324e-08	1.32922e-08	1.32596e-08	1.32263e-08	1.31924e-08	1.31579e-08	1.31229e-08	1.30873e-08	

1.05968e-08	1.05759e-08	1.05552e-08	1.05345e-08	1.05139e-08	1.04934e-08	1.04729e-08	1.04525e-08	1.04322e-08	1.04118e-08	1.03915e-08	1.03712e-08	1.03509e-08	1.03306e-08	1.03101e-08	1.02897e-08	1.02691e-08	1.02484e-08	1.02275e-08	1.02065e-08	1.01852e-08	1.01637e-08	1.01419e-08	1.01198e-08	1.00972e-08	1.00743e-08	1.00509e-08	1.00269e-08	1.00023e-08	9.97707e-09	9.95106e-09	
1.17065e-08	1.16773e-08	1.16478e-08	1.16181e-08	1.1588e-08	1.15577e-08	1.15272e-08	1.14964e-08	1.14653e-08	1.1434e-08	1.14024e-08	1.13706e-08	1.13385e-08	1.13062e-08	1.12737e-08	1.1241e-08	1.1208e-08	1.11748e-08	1.11414e-08	1.11078e-08	1.1074e-08	1.10399e-08	1.10057e-08	1.09713e-08	1.09366e-08	1.09018e-08	1.08667e-08	1.08315e-08	1.07961e-08	1.07605e-08	1.07247e-08	
1.3359e-08	1.33603e-08	1.33602e-08	1.33586e-08	1.33558e-08	1.33516e-08	1.33461e-08	1.33393e-08	1.33313e-08	1.33221e-08	1.33117e-08	1.33002e-08	1.32876e-08	1.32739e-08	1.32592e-08	1.32435e-08	1.32268e-08	1.32091e-08	1.31906e-08	1.31712e-08	1.31509e-08	1.31298e-08	1.3108e-08	1.30854e-08	1.3062e-08	1.3038e-08	1.30134e-08	1.29881e-08	1.29622e-08	1.29358e-08	1.29088e-08	

1.07833e-08	1.07637e-08	1.07442e-08	1.07247e-08	1.07052e-08	1.06856e-08	1.06661e-08	1.06465e-08	1.06269e-08	1.06072e-08	1.05875e-08	1.05676e-08	1.05477e-08	1.05276e-08	1.05074e-08	1.0487e-08	1.04664e-08	1.04456e-08	1.04245e-08	1.04031e-08	1.03814e-08	1.03594e-08	1.03369e-08	1.0314e-08	1.02906e-08	1.02666e-08	1.0242e-08	1.02168e-08	1.01908e-08	1.01641e-08	1.01364e-08	
1.18774e-08	1.18506e-08	1.18235e-08	1.17961e-08	1.17685e-08	1.17406e-08	1.17124e-08	1.1684e-08	1.16553e-08	1.16263e-08	1.15971e-08	1.15676e-08	1.15379e-08	1.15079e-08	1.14776e-08	1.14472e-08	1.14165e-08	1.13855e-08	1.13543e-08	1.13229e-08	1.12913e-08	1.12594e-08	1.12273e-08	1.11949e-08	1.11623e-08	1.11295e-08	1.10965e-08	1.10633e-08	1.10298e-08	1.09961e-08	1.09622e-08	
1.33967e-08	1.33967e-08	1.33955e-08	1.33931e-08	1.33895e-08	1.33849e-08	1.33791e-08	1.33723e-08	1.33644e-08	1.33556e-08	1.33457e-08	1.33349e-08	1.33231e-08	1.33105e-08	1.3297e-08	1.32826e-08	1.32674e-08	1.32514e-08	1.32347e-08	1.32172e-08	1.3199e-08	1.31801e-08	1.31606e-08	1.31405e-08	1.31197e-08	1.30984e-08	1.30765e-08	1.30541e-08	1.30312e-08	1.30078e-08	1.2984e-08	

1.09793e-08	1.09613e-08	1.09432e-08	1.0925e-08	1.09068e-08	1.08885e-08	1.08701e-08	1.08516e-08	1.08329e-08	1.08141e-08	1.07952e-08	1.0776e-08	1.07567e-08	1.07372e-08	1.07174e-08	1.06973e-08	1.06769e-08	1.06562e-08	1.06352e-08	1.06137e-08	1.05919e-08	1.05695e-08	1.05466e-08	1.05232e-08	1.04991e-08	1.04744e-08	1.04489e-08	1.04227e-08	1.03956e-08	1.03675e-08	1.03384e-08	
1.19267e-08	1.19033e-08	1.18796e-08	1.18555e-08	1.18312e-08	1.18067e-08	1.17818e-08	1.17566e-08	1.17312e-08	1.17055e-08	1.16795e-08	1.16533e-08	1.16267e-08	1.15999e-08	1.15729e-08	1.15455e-08	1.15179e-08	1.14901e-08	1.1462e-08	1.14336e-08	1.14049e-08	1.1376e-08	1.13469e-08	1.13175e-08	1.12878e-08	1.12579e-08	1.12277e-08	1.11972e-08	1.11665e-08	1.11355e-08	1.11043e-08	
1.32432e-08	1.32445e-08	1.32448e-08	1.32441e-08	1.32425e-08	1.32399e-08	1.32365e-08	1.32321e-08	1.32268e-08	1.32207e-08	1.32138e-08	1.32061e-08	1.31975e-08	1.31882e-08	1.31782e-08	1.31674e-08	1.3156e-08	1.31438e-08	1.3131e-08	1.31176e-08	1.31036e-08	1.3089e-08	1.30738e-08	1.30581e-08	1.30418e-08	1.30251e-08	1.30079e-08	1.29902e-08	1.29721e-08	1.29536e-08	1.29346e-08	

1.11844e-08	1.11679e-08	1.11514e-08	1.11346e-08	1.11178e-08	1.11007e-08	1.10835e-08	1.10661e-08	1.10485e-08	1.10307e-08	1.10126e-08	1.09943e-08	1.09757e-08	1.09567e-08	1.09375e-08	1.09178e-08	1.08978e-08	1.08773e-08	1.08564e-08	1.08349e-08	1.0813e-08	1.07904e-08	1.07672e-08	1.07433e-08	1.07187e-08	1.06933e-08	1.0667e-08	1.06398e-08	1.06117e-08	1.05824e-08	1.0552e-08	
1.19425e-08	1.19227e-08	1.19026e-08	1.18821e-08	1.18614e-08	1.18404e-08	1.1819e-08	1.17974e-08	1.17754e-08	1.17532e-08	1.17307e-08	1.17079e-08	1.16848e-08	1.16614e-08	1.16378e-08	1.16138e-08	1.15896e-08	1.1565e-08	1.15402e-08	1.15151e-08	1.14897e-08	1.14641e-08	1.14381e-08	1.14118e-08	1.13853e-08	1.13585e-08	1.13314e-08	1.1304e-08	1.12763e-08	1.12483e-08	1.122e-08	
1.29642e-08	1.29691e-08	1.29732e-08	1.29764e-08	1.29789e-08	1.29806e-08	1.29815e-08	1.29816e-08	1.2981e-08	1.29797e-08	1.29777e-08	1.2975e-08	1.29716e-08	1.29675e-08	1.29628e-08	1.29575e-08	1.29516e-08	1.29451e-08	1.2938e-08	1.29303e-08	1.29222e-08	1.29135e-08	1.29043e-08	1.28946e-08	1.28844e-08	1.28738e-08	1.28628e-08	1.28513e-08	1.28395e-08	1.28272e-08	1.28146e-08	

1.14503e-08	1.14354e-08	1.14204e-08	1.14052e-08	1.13897e-08	1.13741e-08	1.13581e-08	1.13419e-08	1.13255e-08	1.13087e-08	1.12916e-08	1.12741e-08	1.12563e-08	1.1238e-08	1.12193e-08	1.12002e-08	1.11806e-08	1.11604e-08	1.11396e-08	1.11183e-08	1.10963e-08	1.10736e-08	1.10501e-08	1.10259e-08	1.10007e-08	1.09747e-08	1.09477e-08	1.09196e-08	1.08903e-08	1.08599e-08	1.08281e-08	
1.19955e-08	1.19787e-08	1.19616e-08	1.19442e-08	1.19265e-08	1.19084e-08	1.18901e-08	1.18715e-08	1.18525e-08	1.18333e-08	1.18137e-08	1.17939e-08	1.17737e-08	1.17532e-08	1.17325e-08	1.17114e-08	1.16901e-08	1.16684e-08	1.16464e-08	1.16241e-08	1.16016e-08	1.15787e-08	1.15555e-08	1.1532e-08	1.15081e-08	1.1484e-08	1.14596e-08	1.14348e-08	1.14097e-08	1.13843e-08	1.13585e-08	
1.29068e-08	1.29118e-08	1.29161e-08	1.29198e-08	1.29229e-08	1.29253e-08	1.29272e-08	1.29285e-08	1.29292e-08	1.29293e-08	1.29289e-08	1.29279e-08	1.29264e-08	1.29244e-08	1.29219e-08	1.29189e-08	1.29154e-08	1.29114e-08	1.2907e-08	1.29022e-08	1.28969e-08	1.28912e-08	1.28851e-08	1.28786e-08	1.28718e-08	1.28645e-08	1.2857e-08	1.28491e-08	1.28409e-08	1.28324e-08	1.28236e-08	

1.16595e-08	1.16462e-08	1.16326e-08	1.16187e-08	1.16046e-08	1.15902e-08	1.15754e-08	1.15604e-08	1.15449e-08	1.15291e-08	1.15128e-08	1.14962e-08	1.1479e-08	1.14614e-08	1.14432e-08	1.14245e-08	1.14052e-08	1.13853e-08	1.13647e-08	1.13434e-08	1.13213e-08	1.12984e-08	1.12747e-08	1.125e-08	1.12244e-08	1.11977e-08	1.11699e-08	1.11409e-08	1.11106e-08	1.1079e-08	1.1046e-08	
1.20713e-08	1.20572e-08	1.20427e-08	1.20279e-08	1.20129e-08	1.19975e-08	1.19818e-08	1.19658e-08	1.19495e-08	1.19329e-08	1.19159e-08	1.18987e-08	1.18811e-08	1.18633e-08	1.18451e-08	1.18266e-08	1.18078e-08	1.17887e-08	1.17693e-08	1.17495e-08	1.17294e-08	1.1709e-08	1.16883e-08	1.16672e-08	1.16458e-08	1.16241e-08	1.1602e-08	1.15796e-08	1.15569e-08	1.15338e-08	1.15103e-08	
1.27616e-08	1.27677e-08	1.27734e-08	1.27786e-08	1.27834e-08	1.27877e-08	1.27916e-08	1.2795e-08	1.2798e-08	1.28006e-08	1.28027e-08	1.28045e-08	1.28058e-08	1.28067e-08	1.28073e-08	1.28074e-08	1.28072e-08	1.28066e-08	1.28057e-08	1.28044e-08	1.28028e-08	1.28009e-08	1.27986e-08	1.27961e-08	1.27932e-08	1.27901e-08	1.27867e-08	1.2783e-08	1.27791e-08	1.27749e-08	1.27705e-08	

1.18549e-08	1.18431e-08	1.1831e-08	1.18185e-08	1.18057e-08	1.17926e-08	1.1779e-08	1.1765e-08	1.17506e-08	1.17358e-08	1.17204e-08	1.17045e-08	1.16881e-08	1.16711e-08	1.16535e-08	1.16353e-08	1.16164e-08	1.15967e-08	1.15763e-08	1.1555e-08	1.15329e-08	1.15099e-08	1.14859e-08	1.14609e-08	1.14348e-08	1.14075e-08	1.1379e-08	1.13492e-08	1.1318e-08	1.12853e-08	1.1251e-08	
1.21324e-08	1.2121e-08	1.21093e-08	1.20974e-08	1.2085e-08	1.20724e-08	1.20595e-08	1.20463e-08	1.20327e-08	1.20188e-08	1.20046e-08	1.19901e-08	1.19753e-08	1.19602e-08	1.19447e-08	1.19289e-08	1.19128e-08	1.18963e-08	1.18796e-08	1.18624e-08	1.1845e-08	1.18272e-08	1.18091e-08	1.17906e-08	1.17717e-08	1.17525e-08	1.1733e-08	1.17131e-08	1.16928e-08	1.16721e-08	1.16511e-08	
1.25352e-08	1.25437e-08	1.25518e-08	1.25596e-08	1.25672e-08	1.25743e-08	1.25812e-08	1.25878e-08	1.2594e-08	1.25999e-08	1.26055e-08	1.26109e-08	1.26159e-08	1.26206e-08	1.2625e-08	1.26292e-08	1.2633e-08	1.26366e-08	1.26399e-08	1.2643e-08	1.26457e-08	1.26483e-08	1.26506e-08	1.26526e-08	1.26544e-08	1.2656e-08	1.26574e-08	1.26586e-08	1.26596e-08	1.26603e-08	1.26609e-08	

1.20655e-08	1.20553e-08	1.20448e-08	1.20339e-08	1.20226e-08	1.20108e-08	1.19986e-08	1.19859e-08	1.19727e-08	1.1959e-08	1.19446e-08	1.19297e-08	1.19142e-08	1.1898e-08	1.18811e-08	1.18635e-08	1.18451e-08	1.18259e-08	1.18058e-08	1.17848e-08	1.17628e-08	1.17398e-08	1.17157e-08	1.16905e-08	1.16641e-08	1.16364e-08	1.16073e-08	1.15768e-08	1.15447e-08	1.15111e-08	1.14757e-08	
1.21793e-08	1.21708e-08	1.2162e-08	1.21529e-08	1.21435e-08	1.21338e-08	1.21238e-08	1.21134e-08	1.21027e-08	1.20917e-08	1.20804e-08	1.20688e-08	1.20568e-08	1.20445e-08	1.20319e-08	1.20189e-08	1.20056e-08	1.1992e-08	1.1978e-08	1.19636e-08	1.19489e-08	1.19339e-08	1.19185e-08	1.19027e-08	1.18865e-08	1.187e-08	1.18531e-08	1.18358e-08	1.18181e-08	1.18e-08	1.17815e-08	
1.249e-08	1.24993e-08	1.25083e-08	1.25172e-08	1.2526e-08	1.25345e-08	1.25429e-08	1.25511e-08	1.25591e-08	1.2567e-08	1.25746e-08	1.25821e-08	1.25894e-08	1.25965e-08	1.26035e-08	1.26103e-08	1.26169e-08	1.26233e-08	1.26296e-08	1.26357e-08	1.26416e-08	1.26474e-08	1.2653e-08	1.26585e-08	1.26638e-08	1.2669e-08	1.26741e-08	1.2679e-08	1.26838e-08	1.26884e-08	1.2693e-08	

1.22831e-08	1.22747e-08	1.22658e-08	1.22566e-08	1.22468e-08	1.22365e-08	1.22257e-08	1.22144e-08	1.22025e-08	1.219e-08	1.21768e-08	1.21629e-08	1.21484e-08	1.21331e-08	1.2117e-08	1.21001e-08	1.20823e-08	1.20636e-08	1.2044e-08	1.20233e-08	1.20016e-08	1.19787e-08	1.19546e-08	1.19293e-08	1.19026e-08	1.18745e-08	1.1845e-08	1.18139e-08	1.17811e-08	1.17465e-08	1.17101e-08	
1.22419e-08	1.22363e-08	1.22304e-08	1.22241e-08	1.22176e-08	1.22107e-08	1.22036e-08	1.21961e-08	1.21883e-08	1.21802e-08	1.21717e-08	1.21629e-08	1.21538e-08	1.21443e-08	1.21345e-08	1.21244e-08	1.21139e-08	1.21031e-08	1.20919e-08	1.20803e-08	1.20684e-08	1.20561e-08	1.20434e-08	1.20303e-08	1.20169e-08	1.2003e-08	1.19888e-08	1.19742e-08	1.19591e-08	1.19436e-08	1.19277e-08	
1.23928e-08	1.2403e-08	1.24132e-08	1.24234e-08	1.24335e-08	1.24436e-08	1.24537e-08	1.24637e-08	1.24736e-08	1.24835e-08	1.24933e-08	1.25031e-08	1.25127e-08	1.25224e-08	1.25319e-08	1.25414e-08	1.25508e-08	1.25601e-08	1.25693e-08	1.25785e-08	1.25876e-08	1.25966e-08	1.26055e-08	1.26144e-08	1.26232e-08	1.2632e-08	1.26406e-08	1.26492e-08	1.26578e-08	1.26662e-08	1.26747e-08	

1.25138e-08	1.25072e-08	1.25001e-08	1.24924e-08	1.24843e-08	1.24755e-08	1.24662e-08	1.24563e-08	1.24457e-08	1.24344e-08	1.24224e-08	1.24096e-08	1.23961e-08	1.23817e-08	1.23665e-08	1.23503e-08	1.23332e-08	1.2315e-08	1.22958e-08	1.22755e-08	1.2254e-08	1.22313e-08	1.22073e-08	1.21818e-08	1.2155e-08	1.21266e-08	1.20965e-08	1.20648e-08	1.20313e-08	1.19959e-08	1.19585e-08	
1.23785e-08	1.23756e-08	1.23724e-08	1.23689e-08	1.23651e-08	1.2361e-08	1.23566e-08	1.23518e-08	1.23467e-08	1.23413e-08	1.23356e-08	1.23295e-08	1.23231e-08	1.23164e-08	1.23093e-08	1.23019e-08	1.22941e-08	1.22859e-08	1.22774e-08	1.22685e-08	1.22593e-08	1.22496e-08	1.22396e-08	1.22292e-08	1.22183e-08	1.22071e-08	1.21954e-08	1.21833e-08	1.21708e-08	1.21579e-08	1.21445e-08	
1.22724e-08	1.22841e-08	1.2296e-08	1.23079e-08	1.23199e-08	1.2332e-08	1.23442e-08	1.23564e-08	1.23687e-08	1.2381e-08	1.23933e-08	1.24057e-08	1.24182e-08	1.24306e-08	1.24431e-08	1.24556e-08	1.24681e-08	1.24806e-08	1.24931e-08	1.25057e-08	1.25182e-08	1.25307e-08	1.25433e-08	1.25558e-08	1.25683e-08	1.25808e-08	1.25934e-08	1.26059e-08	1.26184e-08	1.26309e-08	1.26434e-08	

1.28314e-08	1.28267e-08	1.28215e-08	1.28157e-08	1.28094e-08	1.28024e-08	1.27947e-08	1.27863e-08	1.27772e-08	1.27674e-08	1.27567e-08	1.27453e-08	1.27329e-08	1.27196e-08	1.27054e-08	1.26902e-08	1.26738e-08	1.26564e-08	1.26378e-08	1.2618e-08	1.25969e-08	1.25744e-08	1.25505e-08	1.25251e-08	1.24981e-08	1.24695e-08	1.2439e-08	1.24068e-08	1.23726e-08	1.23363e-08	1.22978e-08	
1.24973e-08	1.2497e-08	1.24964e-08	1.24955e-08	1.24944e-08	1.24929e-08	1.24911e-08	1.24889e-08	1.24865e-08	1.24837e-08	1.24806e-08	1.24772e-08	1.24734e-08	1.24693e-08	1.24648e-08	1.24599e-08	1.24548e-08	1.24492e-08	1.24433e-08	1.24369e-08	1.24302e-08	1.24231e-08	1.24156e-08	1.24077e-08	1.23994e-08	1.23907e-08	1.23815e-08	1.23719e-08	1.23618e-08	1.23513e-08	1.23403e-08	
1.22514e-08	1.22642e-08	1.22772e-08	1.22904e-08	1.23038e-08	1.23174e-08	1.23312e-08	1.23452e-08	1.23593e-08	1.23736e-08	1.23881e-08	1.24026e-08	1.24174e-08	1.24322e-08	1.24472e-08	1.24623e-08	1.24775e-08	1.24928e-08	1.25082e-08	1.25237e-08	1.25393e-08	1.2555e-08	1.25707e-08	1.25865e-08	1.26025e-08	1.26184e-08	1.26345e-08	1.26506e-08	1.26668e-08	1.2683e-08	1.26994e-08	

1.3111e-08	1.31082e-08	1.31047e-08	1.31006e-08	1.30959e-08	1.30904e-08	1.30842e-08	1.30773e-08	1.30695e-08	1.3061e-08	1.30515e-08	1.30411e-08	1.30298e-08	1.30175e-08	1.30041e-08	1.29896e-08	1.29739e-08	1.29571e-08	1.29389e-08	1.29195e-08	1.28986e-08	1.28763e-08	1.28524e-08	1.28268e-08	1.27996e-08	1.27706e-08	1.27397e-08	1.27068e-08	1.26718e-08	1.26345e-08	1.2595e-08	
1.26376e-08	1.26399e-08	1.26419e-08	1.26436e-08	1.2645e-08	1.26461e-08	1.26469e-08	1.26474e-08	1.26475e-08	1.26473e-08	1.26468e-08	1.2646e-08	1.26448e-08	1.26432e-08	1.26413e-08	1.26391e-08	1.26364e-08	1.26334e-08	1.263e-08	1.26263e-08	1.26221e-08	1.26175e-08	1.26125e-08	1.26071e-08	1.26013e-08	1.2595e-08	1.25883e-08	1.25811e-08	1.25734e-08	1.25653e-08	1.25567e-08	
1.22337e-08	1.22475e-08	1.22616e-08	1.2276e-08	1.22908e-08	1.23058e-08	1.23212e-08	1.23369e-08	1.23528e-08	1.2369e-08	1.23854e-08	1.24021e-08	1.2419e-08	1.24362e-08	1.24535e-08	1.24711e-08	1.24889e-08	1.25068e-08	1.2525e-08	1.25433e-08	1.25618e-08	1.25804e-08	1.25992e-08	1.26182e-08	1.26373e-08	1.26566e-08	1.2676e-08	1.26955e-08	1.27152e-08	1.2735e-08	1.27549e-08	

1.34211e-08	1.34201e-08	1.34184e-08	1.34161e-08	1.34129e-08	1.34091e-08	1.34044e-08	1.33989e-08	1.33925e-08	1.33852e-08	1.3377e-08	1.33678e-08	1.33575e-08	1.33461e-08	1.33336e-08	1.33199e-08	1.33049e-08	1.32886e-08	1.32709e-08	1.32518e-08	1.32312e-08	1.3209e-08	1.31851e-08	1.31594e-08	1.31319e-08	1.31025e-08	1.30711e-08	1.30375e-08	1.30016e-08	1.29634e-08	1.29227e-08	
1.2802e-08	1.28069e-08	1.28114e-08	1.28157e-08	1.28197e-08	1.28234e-08	1.28267e-08	1.28298e-08	1.28325e-08	1.28349e-08	1.2837e-08	1.28387e-08	1.28401e-08	1.28411e-08	1.28418e-08	1.28421e-08	1.2842e-08	1.28416e-08	1.28407e-08	1.28395e-08	1.28378e-08	1.28358e-08	1.28333e-08	1.28304e-08	1.2827e-08	1.28232e-08	1.28189e-08	1.28142e-08	1.28089e-08	1.28032e-08	1.2797e-08	
1.22329e-08	1.22477e-08	1.2263e-08	1.22787e-08	1.22949e-08	1.23114e-08	1.23284e-08	1.23458e-08	1.23635e-08	1.23816e-08	1.24001e-08	1.24188e-08	1.2438e-08	1.24574e-08	1.24771e-08	1.24972e-08	1.25175e-08	1.25381e-08	1.2559e-08	1.25801e-08	1.26015e-08	1.26231e-08	1.2645e-08	1.26671e-08	1.26894e-08	1.27119e-08	1.27346e-08	1.27576e-08	1.27807e-08	1.2804e-08	1.28276e-08	

1.37704e-08	1.37713e-08	1.37714e-08	1.37707e-08	1.37692e-08	1.37669e-08	1.37638e-08	1.37597e-08	1.37547e-08	1.37487e-08	1.37417e-08	1.37335e-08	1.37243e-08	1.37138e-08	1.37021e-08	1.36892e-08	1.36748e-08	1.36591e-08	1.36418e-08	1.3623e-08	1.36025e-08	1.35804e-08	1.35564e-08	1.35306e-08	1.35027e-08	1.34728e-08	1.34407e-08	1.34063e-08	1.33696e-08	1.33302e-08	1.32882e-08	
1.30019e-08	1.30093e-08	1.30164e-08	1.30232e-08	1.30298e-08	1.3036e-08	1.30419e-08	1.30475e-08	1.30528e-08	1.30577e-08	1.30624e-08	1.30666e-08	1.30706e-08	1.30741e-08	1.30774e-08	1.30802e-08	1.30827e-08	1.30847e-08	1.30864e-08	1.30877e-08	1.30885e-08	1.30889e-08	1.30889e-08	1.30885e-08	1.30876e-08	1.30862e-08	1.30843e-08	1.3082e-08	1.30791e-08	1.30757e-08	1.30719e-08	
1.22678e-08	1.22837e-08	1.23002e-08	1.23173e-08	1.23348e-08	1.23529e-08	1.23715e-08	1.23906e-08	1.24102e-08	1.24302e-08	1.24507e-08	1.24716e-08	1.24929e-08	1.25147e-08	1.25368e-08	1.25593e-08	1.25822e-08	1.26054e-08	1.2629e-08	1.2653e-08	1.26772e-08	1.27018e-08	1.27267e-08	1.27519e-08	1.27774e-08	1.28032e-08	1.28292e-08	1.28556e-08	1.28822e-08	1.2909e-08	1.29361e-08	

