400 0 0.015675
402 0 0.026059
404 0 0.041754
406 0 0.064777
408 0 0.096910
410 0 0.139739
412 0 0.191742
414 0 0.251142
416 0 0.316285
418 0 0.381696
420 0 0.446687
422 0 0.506374
424 0 0.558291
426 0 0.602904
428 0 0.638265
430 0 0.664911
432 0 0.683979
434 0 0.694072
436 0 0.697501
438 0 0.694787
440 0 0.690991
442 0 0.683237
444 0 0.674628
446 0 0.664490
448 0 0.650653
450 0 0.634330
452 0 0.615689
454 0 0.594501
456 0 0.571145
458 0 0.547995
460 0 0.524175
462 0 0.500169
464 0 0.474481
466 0 0.449930
468 0 0.426422
470 0 0.404126
472 0 0.382150
474 0 0.360841
476 0 0.341597
478 0 0.322765
480 0 0.304843
482 0 0.287448
484 0 0.271253
486 0 0.254724
488 0 0.238845
490 0 0.223351
492 0 0.209041
494 0 0.195120
496 0 0.182421
498 0 0.169952
500 0 0.158184
502 0 0.147063
504 0 0.136645
506 0 0.127003
508 0 0.118182
510 0 0.109920
512 0 0.102414
514 0 0.095562
516 0 0.089112
518 0 0.083288
520 0 0.077510
522 0 0.072476
524 0 0.067658
526 0 0.062742
528 0 0.058603
530 0 0.054402
532 0 0.050502
534 0 0.047185
536 0 0.044143
538 0 0.040977
540 0 0.038158
542 0 0.035873
544 0 0.033577
546 0 0.031562
548 0 0.029253
550 0 0.027284
552 0 0.025625
554 0 0.024182
556 0 0.022627
558 0 0.021236
560 0 0.020025
562 0 0.018696
564 0 0.017426
566 0 0.016351
568 0 0.015488
570 0 0.014567
572 0 0.013889
574 0 0.012884
576 0 0.011941
578 0 0.011389
580 0 0.010506
582 0 0.009891
584 0 0.009387
586 0 0.009015
588 0 0.008659
590 0 0.007768
592 0 0.007491
594 0 0.007588
596 0 0.007009
598 0 0.006556
600 0 0.006309
602 0 0.005809
604 0 0.005558
606 0 0.005254
608 0 0.004951
610 0 0.004931
612 0 0.004682
614 0 0.004269
616 0 0.004134
618 0 0.004009
620 0 0.003869
622 0 0.003740
624 0 0.003663
626 0 0.003094
628 0 0.003077
630 0 0.003378
632 0 0.003203
634 0 0.002754
636 0 0.002695
638 0 0.002746
640 0 0.002646
642 0 0.002572
644 0 0.002673
646 0 0.002395
648 0 0.002169
650 0 0.002214
652 0 0.002238
654 0 0.002181
656 0 0.002109
658 0 0.002068
660 0 0.001951
662 0 0.002060
664 0 0.002109
666 0 0.001928
668 0 0.001759
670 0 0.001560
672 0 0.001526
674 0 0.001614
676 0 0.001540
678 0 0.001364
680 0 0.001422
682 0 0.001388
684 0 0.001311
686 0 0.001403
688 0 0.001613
690 0 0.001368
692 0 0.001240
694 0 0.001263
696 0 0.001343
698 0 0.001305
700 0 0.001221
400 10 0.015321
402 10 0.025470
404 10 0.040813
406 10 0.063321
408 10 0.094742
410 10 0.136631
412 10 0.187509
414 10 0.245648
416 10 0.309435
418 10 0.373519
420 10 0.437227
422 10 0.495775
424 10 0.546742
426 10 0.590580
428 10 0.625371
430 10 0.651635
432 10 0.670478
434 10 0.680526
436 10 0.684038
438 10 0.681523
440 10 0.677942
442 10 0.670470
444 10 0.662154
446 10 0.652330
448 10 0.638868
450 10 0.622957
452 10 0.604760
454 10 0.584050
456 10 0.561203
458 10 0.538548
460 10 0.515224
462 10 0.491707
464 10 0.466528
466 10 0.442457
468 10 0.419404
470 10 0.397534
472 10 0.375971
474 10 0.355057
476 10 0.336169
478 10 0.317679
480 10 0.300080
482 10 0.282993
484 10 0.267083
486 10 0.250840
488 10 0.235231
490 10 0.219998
492 10 0.205926
494 10 0.192235
496 10 0.179743
498 10 0.167475
500 10 0.155896
502 10 0.144950
504 10 0.134695
506 10 0.125202
508 10 0.116518
510 10 0.108383
512 10 0.100990
514 10 0.094242
516 10 0.087889
518 10 0.082151
520 10 0.076458
522 10 0.071498
524 10 0.066751
526 10 0.061905
528 10 0.057826
530 10 0.053684
532 10 0.049839
534 10 0.046568
536 10 0.043569
538 10 0.040447
540 10 0.037667
542 10 0.035413
544 10 0.033149
546 10 0.031161
548 10 0.028882
550 10 0.026940
552 10 0.025303
554 10 0.023879
556 10 0.022345
558 10 0.020972
560 10 0.019777
562 10 0.018465
564 10 0.017211
566 10 0.016150
568 10 0.015298
570 10 0.014389
572 10 0.013720
574 10 0.012727
576 10 0.011797
578 10 0.011252
580 10 0.010379
582 10 0.009772
584 10 0.009274
586 10 0.008907
588 10 0.008556
590 10 0.007675
592 10 0.007402
594 10 0.007497
596 10 0.006925
598 10 0.006478
600 10 0.006233
602 10 0.005740
604 10 0.005492
606 10 0.005191
608 10 0.004892
610 10 0.004872
612 10 0.004627
614 10 0.004219
616 10 0.004085
618 10 0.003962
620 10 0.003823
622 10 0.003695
624 10 0.003620
626 10 0.003057
628 10 0.003040
630 10 0.003338
632 10 0.003165
634 10 0.002721
636 10 0.002663
638 10 0.002713
640 10 0.002614
642 10 0.002542
644 10 0.002641
646 10 0.002366
648 10 0.002143
650 10 0.002187
652 10 0.002211
654 10 0.002155
656 10 0.002084
658 10 0.002043
660 10 0.001928
662 10 0.002035
664 10 0.002083
666 10 0.001905
668 10 0.001737
670 10 0.001541
672 10 0.001507
674 10 0.001594
676 10 0.001521
678 10 0.001347
680 10 0.001405
682 10 0.001371
684 10 0.001295
686 10 0.001385
688 10 0.001593
690 10 0.001352
692 10 0.001224
694 10 0.001248
696 10 0.001327
698 10 0.001289
700 10 0.001206
400 20 0.014305
402 20 0.023785
404 20 0.038119
406 20 0.059154
408 20 0.088536
410 20 0.127736
412 20 0.175391
414 20 0.229912
416 20 0.289807
418 20 0.350077
420 20 0.410090
422 20 0.465350
424 20 0.513570
426 20 0.555156
428 20 0.588284
430 20 0.613422
432 20 0.631588
434 20 0.641477
436 20 0.645203
438 20 0.643234
440 20 0.640245
442 20 0.633564
444 20 0.626065
446 20 0.617126
448 20 0.604724
450 20 0.589981
452 20 0.573047
454 20 0.553707
456 20 0.532313
458 20 0.511076
460 20 0.489177
462 20 0.467067
464 20 0.443352
466 20 0.420665
468 20 0.398922
470 20 0.378283
472 20 0.357913
474 20 0.338141
476 20 0.320281
478 20 0.302783
480 20 0.286118
482 20 0.269926
484 20 0.254843
486 20 0.239429
488 20 0.224608
490 20 0.210134
492 20 0.196758
494 20 0.183735
496 20 0.171850
498 20 0.160170
500 20 0.149140
502 20 0.138709
504 20 0.128932
506 20 0.119878
508 20 0.111593
510 20 0.103829
512 20 0.096772
514 20 0.090328
516 20 0.084259
518 20 0.078777
520 20 0.073334
522 20 0.068592
524 20 0.064051
526 20 0.059413
528 20 0.055510
530 20 0.051544
532 20 0.047861
534 20 0.044728
536 20 0.041855
538 20 0.038862
540 20 0.036197
542 20 0.034036
544 20 0.031865
546 20 0.029959
548 20 0.027772
550 20 0.025908
552 20 0.024337
554 20 0.022971
556 20 0.021497
558 20 0.020179
560 20 0.019031
562 20 0.017771
564 20 0.016565
566 20 0.015546
568 20 0.014727
570 20 0.013853
572 20 0.013210
574 20 0.012255
576 20 0.011360
578 20 0.010836
580 20 0.009996
582 20 0.009412
584 20 0.008933
586 20 0.008579
588 20 0.008242
590 20 0.007394
592 20 0.007131
594 20 0.007223
596 20 0.006672
598 20 0.006241
600 20 0.006006
602 20 0.005531
604 20 0.005292
606 20 0.005002
608 20 0.004714
610 20 0.004695
612 20 0.004458
614 20 0.004065
616 20 0.003936
618 20 0.003817
620 20 0.003684
622 20 0.003561
624 20 0.003488
626 20 0.002946
628 20 0.002929
630 20 0.003216
632 20 0.003050
634 20 0.002622
636 20 0.002566
638 20 0.002614
640 20 0.002519
642 20 0.002448
644 20 0.002545
646 20 0.002279
648 20 0.002064
650 20 0.002107
652 20 0.002130
654 20 0.002076
656 20 0.002007
658 20 0.001967
660 20 0.001856
662 20 0.001960
664 20 0.002006
666 20 0.001834
668 20 0.001673
670 20 0.001484
672 20 0.001451
674 20 0.001535
676 20 0.001464
678 20 0.001297
680 20 0.001352
682 20 0.001320
684 20 0.001246
686 20 0.001333
688 20 0.001533
690 20 0.001300
692 20 0.001178
694 20 0.001200
696 20 0.001276
698 20 0.001240
700 20 0.001159
400 30 0.012757
402 30 0.021218
404 30 0.034015
406 30 0.052807
408 30 0.079079
410 30 0.114173
412 30 0.156901
414 30 0.205879
416 30 0.259798
418 30 0.314192
420 30 0.368494
422 30 0.418648
424 30 0.462578
426 30 0.500619
428 30 0.531101
430 30 0.554412
432 30 0.571441
434 30 0.580991
436 30 0.584955
438 30 0.583742
440 30 0.581584
442 30 0.576044
444 30 0.569736
446 30 0.562092
448 30 0.551266
450 30 0.538275
452 30 0.523247
454 30 0.505986
456 30 0.486810
458 30 0.467741
460 30 0.448028
462 30 0.428083
464 30 0.406630
466 30 0.386085
468 30 0.366373
470 30 0.347643
472 30 0.329131
474 30 0.311141
476 30 0.294884
478 30 0.278938
480 30 0.263736
482 30 0.248950
484 30 0.235166
486 30 0.221060
488 30 0.207483
490 30 0.194210
492 30 0.181937
494 30 0.169976
496 30 0.159054
498 30 0.148311
500 30 0.138158
502 30 0.128550
504 30 0.119539
506 30 0.111190
508 30 0.103546
510 30 0.096378
512 30 0.089860
514 30 0.083907
516 30 0.078296
518 30 0.073227
520 30 0.068190
522 30 0.063800
524 30 0.059595
526 30 0.055296
528 30 0.051678
530 30 0.047999
532 30 0.044581
534 30 0.041674
536 30 0.039006
538 30 0.036226
540 30 0.033749
542 30 0.031742
544 30 0.029723
546 30 0.027951
548 30 0.025916
550 30 0.024180
552 30 0.022719
554 30 0.021447
556 30 0.020074
558 30 0.018846
560 30 0.017777
562 30 0.016602
564 30 0.015478
566 30 0.014527
568 30 0.013763
570 30 0.012948
572 30 0.012348
574 30 0.011456
576 30 0.010621
578 30 0.010131
580 30 0.009347
582 30 0.008802
584 30 0.008354
586 30 0.008024
588 30 0.007708
590 30 0.006916
592 30 0.006670
594 30 0.006756
596 30 0.006242
598 30 0.005839
600 30 0.005618
602 30 0.005174
604 30 0.004950
606 30 0.004680
608 30 0.004410
610 30 0.004392
612 30 0.004170
614 30 0.003803
616 30 0.003682
618 30 0.003571
620 30 0.003446
622 30 0.003330
624 30 0.003262
626 30 0.002755
628 30 0.002740
630 30 0.003007
632 30 0.002852
634 30 0.002452
636 30 0.002399
638 30 0.002444
640 30 0.002355
642 30 0.002289
644 30 0.002378
646 30 0.002131
648 30 0.001929
650 30 0.001969
652 30 0.001990
654 30 0.001939
656 30 0.001875
658 30 0.001838
660 30 0.001734
662 30 0.001831
664 30 0.001873
666 30 0.001713
668 30 0.001562
670 30 0.001385
672 30 0.001354
674 30 0.001432
676 30 0.001367
678 30 0.001210
680 30 0.001262
682 30 0.001231
684 30 0.001163
686 30 0.001243
688 30 0.001430
690 30 0.001213
692 30 0.001098
694 30 0.001119
696 30 0.001190
698 30 0.001156
700 30 0.001081
400 40 0.010841
402 40 0.018038
404 40 0.028929
406 40 0.044936
408 40 0.067343
410 40 0.097322
412 40 0.133897
414 40 0.175928
416 40 0.222326
418 40 0.269285
420 40 0.316320
422 40 0.359930
424 40 0.398308
426 40 0.431713
428 40 0.458670
430 40 0.479478
432 40 0.494875
434 40 0.503805
436 40 0.507885
438 40 0.507453
440 40 0.506178
442 40 0.501928
444 40 0.496982
446 40 0.490843
448 40 0.481895
450 40 0.471019
452 40 0.458320
454 40 0.443625
456 40 0.427212
458 40 0.410852
460 40 0.393887
462 40 0.376675
464 40 0.358098
466 40 0.340283
468 40 0.323165
470 40 0.306882
472 40 0.290758
474 40 0.275066
476 40 0.260880
478 40 0.246943
480 40 0.233642
482 40 0.220687
484 40 0.208600
486 40 0.196208
488 40 0.184267
490 40 0.172580
492 40 0.161764
494 40 0.151212
496 40 0.141571
498 40 0.132077
500 40 0.123097
502 40 0.114592
504 40 0.106608
506 40 0.099207
508 40 0.092428
510 40 0.086066
512 40 0.080278
514 40 0.074989
516 40 0.070002
518 40 0.065493
520 40 0.061010
522 40 0.057102
524 40 0.053355
526 40 0.049522
528 40 0.046296
530 40 0.043013
532 40 0.039961
534 40 0.037365
536 40 0.034982
538 40 0.032496
540 40 0.030282
542 40 0.028487
544 40 0.026681
546 40 0.025095
548 40 0.023272
550 40 0.021718
552 40 0.020408
554 40 0.019269
556 40 0.018038
558 40 0.016937
560 40 0.015978
562 40 0.014924
564 40 0.013915
566 40 0.013061
568 40 0.012376
570 40 0.011644
572 40 0.011105
574 40 0.010304
576 40 0.009553
578 40 0.009113
580 40 0.008408
582 40 0.007918
584 40 0.007516
586 40 0.007219
588 40 0.006935
590 40 0.006222
592 40 0.006001
594 40 0.006079
596 40 0.005615
598 40 0.005253
600 40 0.005054
602 40 0.004655
604 40 0.004453
606 40 0.004209
608 40 0.003966
610 40 0.003950
612 40 0.003751
614 40 0.003420
616 40 0.003311
618 40 0.003211
620 40 0.003098
622 40 0.002994
624 40 0.002933
626 40 0.002477
628 40 0.002463
630 40 0.002703
632 40 0.002563
634 40 0.002203
636 40 0.002156
638 40 0.002195
640 40 0.002115
642 40 0.002056
644 40 0.002136
646 40 0.001913
648 40 0.001732
650 40 0.001768
652 40 0.001787
654 40 0.001741
656 40 0.001683
658 40 0.001649
660 40 0.001556
662 40 0.001642
664 40 0.001680
666 40 0.001536
668 40 0.001400
670 40 0.001242
672 40 0.001214
674 40 0.001284
676 40 0.001225
678 40 0.001084
680 40 0.001130
682 40 0.001103
684 40 0.001041
686 40 0.001113
688 40 0.001280
690 40 0.001086
692 40 0.000983
694 40 0.001002
696 40 0.001065
698 40 0.001034
700 40 0.000967
400 50 0.008692
402 50 0.014470
404 50 0.023218
406 50 0.036089
408 50 0.054131
410 50 0.078317
412 50 0.107893
414 50 0.141981
416 50 0.179725
418 50 0.218065
420 50 0.256608
422 50 0.292496
424 50 0.324239
426 50 0.352018
428 50 0.374603
430 50 0.392205
432 50 0.405396
434 50 0.413297
436 50 0.417212
438 50 0.417405
440 50 0.416883
442 50 0.413884
444 50 0.410284
446 50 0.405675
448 50 0.398716
450 50 0.390131
452 50 0.380000
454 50 0.368181
456 50 0.354899
458 50 0.341627
460 50 0.327816
462 50 0.313764
464 50 0.298542
466 50 0.283922
468 50 0.269854
470 50 0.256453
472 50 0.243160
474 50 0.230202
476 50 0.218482
478 50 0.206949
480 50 0.195930
482 50 0.185183
484 50 0.175147
486 50 0.164839
488 50 0.154896
490 50 0.145151
492 50 0.136126
494 50 0.127312
496 50 0.119253
498 50 0.111308
500 50 0.103788
502 50 0.096659
504 50 0.089963
506 50 0.083752
508 50 0.078058
510 50 0.072713
512 50 0.067847
514 50 0.063399
516 50 0.059202
518 50 0.055406
520 50 0.051629
522 50 0.048336
524 50 0.045176
526 50 0.041942
528 50 0.039219
530 50 0.036446
532 50 0.033868
534 50 0.031674
536 50 0.029660
538 50 0.027557
540 50 0.025684
542 50 0.024165
544 50 0.022636
546 50 0.021294
548 50 0.019750
550 50 0.018433
552 50 0.017323
554 50 0.016357
556 50 0.015314
558 50 0.014380
560 50 0.013567
562 50 0.012673
564 50 0.011816
566 50 0.011092
568 50 0.010511
570 50 0.009889
572 50 0.009432
574 50 0.008751
576 50 0.008113
578 50 0.007740
580 50 0.007141
582 50 0.006724
584 50 0.006383
586 50 0.006130
588 50 0.005889
590 50 0.005283
592 50 0.005095
594 50 0.005161
596 50 0.004767
598 50 0.004459
600 50 0.004291
602 50 0.003951
604 50 0.003780
606 50 0.003572
608 50 0.003366
610 50 0.003352
612 50 0.003182
614 50 0.002901
616 50 0.002808
618 50 0.002723
620 50 0.002627
622 50 0.002539
624 50 0.002486
626 50 0.002099
628 50 0.002087
630 50 0.002290
632 50 0.002171
634 50 0.001866
636 50 0.001826
638 50 0.001859
640 50 0.001791
642 50 0.001741
644 50 0.001808
646 50 0.001619
648 50 0.001466
650 50 0.001496
652 50 0.001511
654 50 0.001472
656 50 0.001423
658 50 0.001394
660 50 0.001315
662 50 0.001388
664 50 0.001420
666 50 0.001298
668 50 0.001183
670 50 0.001049
672 50 0.001025
674 50 0.001084
676 50 0.001034
678 50 0.000915
680 50 0.000954
682 50 0.000931
684 50 0.000878
686 50 0.000939
688 50 0.001079
690 50 0.000915
692 50 0.000829
694 50 0.000844
696 50 0.000897
698 50 0.000871
700 50 0.000814
400 60 0.006382
402 60 0.010630
404 60 0.017065
406 60 0.026542
408 60 0.039848
410 60 0.057717
412 60 0.079621
414 60 0.104939
416 60 0.133059
418 60 0.161726
420 60 0.190645
422 60 0.217682
424 60 0.241710
426 60 0.262843
428 60 0.280141
430 60 0.293737
432 60 0.304040
434 60 0.310377
436 60 0.313715
438 60 0.314240
440 60 0.314210
442 60 0.312292
444 60 0.309902
446 60 0.306732
448 60 0.301763
450 60 0.295542
452 60 0.288126
454 60 0.279404
456 60 0.269548
458 60 0.259676
460 60 0.249369
462 60 0.238855
464 60 0.227428
466 60 0.216438
468 60 0.205849
470 60 0.195750
472 60 0.185715
474 60 0.175921
476 60 0.167057
478 60 0.158323
480 60 0.149970
482 60 0.141813
484 60 0.134191
486 60 0.126350
488 60 0.118779
490 60 0.111352
492 60 0.104470
494 60 0.097742
496 60 0.091587
498 60 0.085514
500 60 0.079762
502 60 0.074306
504 60 0.069179
506 60 0.064420
508 60 0.060057
510 60 0.055957
512 60 0.052225
514 60 0.048811
516 60 0.045589
518 60 0.042674
520 60 0.039772
522 60 0.037241
524 60 0.034812
526 60 0.032324
528 60 0.030229
530 60 0.028095
532 60 0.026110
534 60 0.024422
536 60 0.022870
538 60 0.021251
540 60 0.019807
542 60 0.018637
544 60 0.017459
546 60 0.016424
548 60 0.015233
550 60 0.014218
552 60 0.013362
554 60 0.012617
556 60 0.011812
558 60 0.011092
560 60 0.010464
562 60 0.009774
564 60 0.009114
566 60 0.008554
568 60 0.008106
570 60 0.007626
572 60 0.007273
574 60 0.006748
576 60 0.006255
578 60 0.005967
580 60 0.005505
582 60 0.005183
584 60 0.004919
586 60 0.004724
588 60 0.004538
590 60 0.004071
592 60 0.003925
594 60 0.003975
596 60 0.003672
598 60 0.003434
600 60 0.003304
602 60 0.003042
604 60 0.002909
606 60 0.002750
608 60 0.002590
610 60 0.002579
612 60 0.002448
614 60 0.002232
616 60 0.002160
618 60 0.002094
620 60 0.002020
622 60 0.001952
624 60 0.001911
626 60 0.001613
628 60 0.001604
630 60 0.001760
632 60 0.001668
634 60 0.001433
636 60 0.001402
638 60 0.001427
640 60 0.001375
642 60 0.001336
644 60 0.001387
646 60 0.001242
648 60 0.001124
650 60 0.001147
652 60 0.001159
654 60 0.001129
656 60 0.001091
658 60 0.001069
660 60 0.001008
662 60 0.001063
664 60 0.001088
666 60 0.000994
668 60 0.000906
670 60 0.000803
672 60 0.000785
674 60 0.000829
676 60 0.000791
678 60 0.000700
680 60 0.000730
682 60 0.000712
684 60 0.000672
686 60 0.000718
688 60 0.000825
690 60 0.000700
692 60 0.000633
694 60 0.000645
696 60 0.000685
698 60 0.000665
700 60 0.000622
400 70 0.003934
402 70 0.006555
404 70 0.010527
406 70 0.016381
408 70 0.024611
410 70 0.035683
412 70 0.049282
414 70 0.065041
416 70 0.082589
418 70 0.100533
420 70 0.118688
422 70 0.135718
424 70 0.150911
426 70 0.164326
428 70 0.175363
430 70 0.184093
432 70 0.190764
434 70 0.194944
436 70 0.197236
438 70 0.197750
440 70 0.197905
442 70 0.196859
444 70 0.195505
446 70 0.193649
448 70 0.190646
450 70 0.186840
452 70 0.182266
454 70 0.176855
456 70 0.170714
458 70 0.164550
460 70 0.158100
462 70 0.151507
464 70 0.144325
466 70 0.137411
468 70 0.130741
470 70 0.124375
472 70 0.118042
474 70 0.111856
476 70 0.106255
478 70 0.100730
480 70 0.095443
482 70 0.090276
484 70 0.085445
486 70 0.080471
488 70 0.075665
490 70 0.070948
492 70 0.066575
494 70 0.062298
496 70 0.058385
498 70 0.054521
500 70 0.050860
502 70 0.047387
504 70 0.044121
506 70 0.041090
508 70 0.038309
510 70 0.035697
512 70 0.033318
514 70 0.031142
516 70 0.029087
518 70 0.027228
520 70 0.025376
522 70 0.023762
524 70 0.022212
526 70 0.020624
528 70 0.019287
530 70 0.017925
532 70 0.016658
534 70 0.015580
536 70 0.014590
538 70 0.013556
540 70 0.012634
542 70 0.011887
544 70 0.011135
546 70 0.010474
548 70 0.009714
550 70 0.009065
552 70 0.008519
554 70 0.008043
556 70 0.007529
558 70 0.007069
560 70 0.006669
562 70 0.006228
564 70 0.005806
566 70 0.005450
568 70 0.005163
570 70 0.004857
572 70 0.004631
574 70 0.004296
576 70 0.003982
578 70 0.003798
580 70 0.003503
582 70 0.003298
584 70 0.003130
586 70 0.003005
588 70 0.002886
590 70 0.002589
592 70 0.002496
594 70 0.002527
596 70 0.002334
598 70 0.002182
600 70 0.002099
602 70 0.001932
604 70 0.001848
606 70 0.001746
608 70 0.001645
610 70 0.001637
612 70 0.001554
614 70 0.001416
616 70 0.001371
618 70 0.001329
620 70 0.001281
622 70 0.001238
624 70 0.001212
626 70 0.001023
628 70 0.001017
630 70 0.001115
632 70 0.001057
634 70 0.000908
636 70 0.000888
638 70 0.000904
640 70 0.000871
642 70 0.000846
644 70 0.000878
646 70 0.000786
648 70 0.000712
650 70 0.000726
652 70 0.000733
654 70 0.000714
656 70 0.000690
658 70 0.000676
660 70 0.000637
662 70 0.000672
664 70 0.000687
666 70 0.000628
668 70 0.000572
670 70 0.000507
672 70 0.000496
674 70 0.000524
676 70 0.000500
678 70 0.000442
680 70 0.000461
682 70 0.000449
684 70 0.000424
686 70 0.000453
688 70 0.000521
690 70 0.000441
692 70 0.000400
694 70 0.000407
696 70 0.000432
698 70 0.000420
700 70 0.000392
400 80 0.001483
402 80 0.002472
404 80 0.003970
406 80 0.006180
408 80 0.009290
410 80 0.013478
412 80 0.018629
414 80 0.024610
416 80 0.031283
418 80 0.038120
420 80 0.045051
422 80 0.051567
424 80 0.057395
426 80 0.062553
428 80 0.066811
430 80 0.070191
432 80 0.072785
434 80 0.074429
436 80 0.075348
438 80 0.075586
440 80 0.075683
442 80 0.075317
444 80 0.074831
446 80 0.074149
448 80 0.073025
450 80 0.071590
452 80 0.069859
454 80 0.067803
456 80 0.065465
458 80 0.063116
460 80 0.060654
462 80 0.058135
464 80 0.055388
466 80 0.052742
468 80 0.050189
470 80 0.047750
472 80 0.045323
474 80 0.042951
476 80 0.040802
478 80 0.038683
480 80 0.036653
482 80 0.034670
484 80 0.032815
486 80 0.030904
488 80 0.029058
490 80 0.027246
492 80 0.025566
494 80 0.023922
496 80 0.022418
498 80 0.020933
500 80 0.019526
502 80 0.018191
504 80 0.016936
506 80 0.015771
508 80 0.014702
510 80 0.013698
512 80 0.012783
514 80 0.011947
516 80 0.011157
518 80 0.010443
520 80 0.009731
522 80 0.009111
524 80 0.008515
526 80 0.007905
528 80 0.007392
530 80 0.006868
532 80 0.006382
534 80 0.005968
536 80 0.005588
538 80 0.005191
540 80 0.004837
542 80 0.004550
544 80 0.004261
546 80 0.004008
548 80 0.003716
550 80 0.003467
552 80 0.003258
554 80 0.003075
556 80 0.002878
558 80 0.002702
560 80 0.002548
562 80 0.002379
564 80 0.002218
566 80 0.002081
568 80 0.001971
570 80 0.001854
572 80 0.001768
574 80 0.001639
576 80 0.001519
578 80 0.001449
580 80 0.001336
582 80 0.001258
584 80 0.001193
586 80 0.001145
588 80 0.001100
590 80 0.000986
592 80 0.000951
594 80 0.000963
596 80 0.000889
598 80 0.000831
600 80 0.000799
602 80 0.000735
604 80 0.000703
606 80 0.000664
608 80 0.000626
610 80 0.000623
612 80 0.000591
614 80 0.000539
616 80 0.000521
618 80 0.000505
620 80 0.000487
622 80 0.000470
624 80 0.000460
626 80 0.000389
628 80 0.000386
630 80 0.000424
632 80 0.000401
634 80 0.000345
636 80 0.000337
638 80 0.000343
640 80 0.000330
642 80 0.000321
644 80 0.000333
646 80 0.000298
648 80 0.000270
650 80 0.000275
652 80 0.000278
654 80 0.000271
656 80 0.000262
658 80 0.000256
660 80 0.000242
662 80 0.000255
664 80 0.000261
666 80 0.000238
668 80 0.000217
670 80 0.000192
672 80 0.000188
674 80 0.000199
676 80 0.000189
678 80 0.000168
680 80 0.000175
682 80 0.000170
684 80 0.000161
686 80 0.000172
688 80 0.000197
690 80 0.000167
692 80 0.000151
694 80 0.000154
696 80 0.000164
698 80 0.000159
700 80 0.000149
400 90 0.000000
402 90 0.000000
404 90 0.000000
406 90 0.000000
408 90 0.000000
410 90 0.000000
412 90 0.000000
414 90 0.000000
416 90 0.000000
418 90 0.000000
420 90 0.000000
422 90 0.000000
424 90 0.000000
426 90 0.000000
428 90 0.000000
430 90 0.000000
432 90 0.000000
434 90 0.000000
436 90 0.000000
438 90 0.000000
440 90 0.000000
442 90 0.000000
444 90 0.000000
446 90 0.000000
448 90 0.000000
450 90 0.000000
452 90 0.000000
454 90 0.000000
456 90 0.000000
458 90 0.000000
460 90 0.000000
462 90 0.000000
464 90 0.000000
466 90 0.000000
468 90 0.000000
470 90 0.000000
472 90 0.000000
474 90 0.000000
476 90 0.000000
478 90 0.000000
480 90 0.000000
482 90 0.000000
484 90 0.000000
486 90 0.000000
488 90 0.000000
490 90 0.000000
492 90 0.000000
494 90 0.000000
496 90 0.000000
498 90 0.000000
500 90 0.000000
502 90 0.000000
504 90 0.000000
506 90 0.000000
508 90 0.000000
510 90 0.000000
512 90 0.000000
514 90 0.000000
516 90 0.000000
518 90 0.000000
520 90 0.000000
522 90 0.000000
524 90 0.000000
526 90 0.000000
528 90 0.000000
530 90 0.000000
532 90 0.000000
534 90 0.000000
536 90 0.000000
538 90 0.000000
540 90 0.000000
542 90 0.000000
544 90 0.000000
546 90 0.000000
548 90 0.000000
550 90 0.000000
552 90 0.000000
554 90 0.000000
556 90 0.000000
558 90 0.000000
560 90 0.000000
562 90 0.000000
564 90 0.000000
566 90 0.000000
568 90 0.000000
570 90 0.000000
572 90 0.000000
574 90 0.000000
576 90 0.000000
578 90 0.000000
580 90 0.000000
582 90 0.000000
584 90 0.000000
586 90 0.000000
588 90 0.000000
590 90 0.000000
592 90 0.000000
594 90 0.000000
596 90 0.000000
598 90 0.000000
600 90 0.000000
602 90 0.000000
604 90 0.000000
606 90 0.000000
608 90 0.000000
610 90 0.000000
612 90 0.000000
614 90 0.000000
616 90 0.000000
618 90 0.000000
620 90 0.000000
622 90 0.000000
624 90 0.000000
626 90 0.000000
628 90 0.000000
630 90 0.000000
632 90 0.000000
634 90 0.000000
636 90 0.000000
638 90 0.000000
640 90 0.000000
642 90 0.000000
644 90 0.000000
646 90 0.000000
648 90 0.000000
650 90 0.000000
652 90 0.000000
654 90 0.000000
656 90 0.000000
658 90 0.000000
660 90 0.000000
662 90 0.000000
664 90 0.000000
666 90 0.000000
668 90 0.000000
670 90 0.000000
672 90 0.000000
674 90 0.000000
676 90 0.000000
678 90 0.000000
680 90 0.000000
682 90 0.000000
684 90 0.000000
686 90 0.000000
688 90 0.000000
690 90 0.000000
692 90 0.000000
694 90 0.000000
696 90 0.000000
698 90 0.000000
700 90 0.000000
