       0	       0	       0	       0	       0	       0	       0	       0	       0	       0	
       0	       0	       0	       0	       0	       0	       0	       0	       0	       0	
       0	       0	       0	       0	       0	       0	       0	       0	       0	       0	
       0	       0	       0	       0	       0	       0	       0	       0	       0	       0	
       0	       0	       0	       0	       0	       0	       0	       0	       0	       0	
       0	       0	       0	       0	       0	       0	       0	       0	       0	       0	
       0	       0	       0	       0	       0	       0	       0	       0	       0	       0	
       0	       0	       0	       0	       0	       0	       0	       0	       0	       0	
       0	       0	       0	       0	       0	       0	       0	       0	       0	       0	
       0	       0	       0	       0	       0	       0	       0	       0	       0	       0	
       0	       0	       0	       0	       0	       0	       0	       0	       0	       0	
       0	       0	       0	       0	       0	       0	       0	       0	       0	       0	
6.09952e-05	5.83898e-05	5.00073e-05	3.65002e-05	2.37385e-05	5.72704e-05	3.89986e-05	4.01781e-05	3.37201e-05	2.88363e-16	
0.000245024	0.000233587	0.000198127	0.000144156	9.77561e-05	0.000227028	0.00015946	0.000167666	0.000123688	8.03708e-16	
0.000554588	0.000526652	0.000442997	0.000322237	0.000228464	0.000510045	0.000369937	0.000392899	0.00025246	1.36363e-15	
0.00115184	0.00109007	0.000910724	0.000663871	0.000492299	0.00105807	0.000790522	0.000840615	0.000477335	2.28979e-15	
0.00242122	0.00228466	0.0018992	0.00139098	0.00107806	0.00223138	0.00171776	0.00180736	0.000911234	4.03517e-15	
0.00545285	0.00513294	0.00425235	0.00313528	0.00253721	0.00506613	0.00401011	0.00414837	0.00189161	7.91365e-15	
0.0117915	0.0110787	0.00916012	0.00681088	0.00575156	0.0110939	0.00901217	0.00913306	0.00383212	1.54776e-14	
0.0214954	0.0201698	0.0166729	0.0125302	0.0110441	0.0205852	0.0171454	0.0168989	0.00658383	2.58786e-14	
0.0312226	0.0292737	0.0242242	0.0184252	0.0169329	0.0305485	0.0260164	0.0249114	0.00915609	3.53671e-14	
0.0367859	0.0344831	0.028611	0.0220575	0.0210775	0.0368957	0.032069	0.0296539	0.0103691	3.95992e-14	
0.0374476	0.0351077	0.0292243	0.0228347	0.0226111	0.0385168	0.0340728	0.0305819	0.010319	3.90749e-14	
0.0348346	0.0326798	0.0273298	0.0216703	0.0221883	0.0368714	0.033127	0.0287218	0.00940131	3.55231e-14	
0.0310453	0.0291554	0.0245209	0.0197588	0.0209438	0.0339426	0.0309216	0.0259563	0.00830067	3.128e-14	
0.0276635	0.0260104	0.0220028	0.0180056	0.0196885	0.0311963	0.0287664	0.0235299	0.00740697	2.78727e-14	
0.025135	0.0236711	0.0201586	0.0167565	0.018818	0.0292822	0.0272435	0.0216379	0.00673238	2.53584e-14	
0.0231419	0.0218329	0.0187263	0.0158195	0.0182494	0.0278741	0.0261521	0.0202747	0.00625899	2.37112e-14	
0.0212916	0.0201312	0.0174087	0.0149609	0.0177024	0.0265958	0.025099	 0.01896	0.00582683	2.21138e-14	
0.0192762	0.0182668	0.0159277	0.0139228	0.0168803	0.0249531	0.0236906	0.0175353	0.00537611	2.06071e-14	
0.0170167	0.0161661	0.0142204	0.0126417	0.0156517	0.0228448	0.0217535	0.0157733	0.00484098	1.84789e-14	
 0.01463	0.0139335	0.0123641	0.0111776	0.014137	0.0203396	0.019458	0.0139084	0.00427465	1.64455e-14	
0.012356	0.0117992	0.0105638	0.00970219	0.0124718	0.0177812	0.0170103	0.0119753	0.00370195	1.43518e-14	
0.0103629	0.00992124	0.00895846	0.00835173	0.0109014	0.0153979	0.0147596	0.0102805	0.00319253	1.23777e-14	
0.00866231	0.00831592	0.00757562	0.00716668	0.00947089	0.0132986	0.0127346	0.0087721	0.00274405	1.07628e-14	
0.00721795	0.00694851	0.0063867	0.00613199	0.00821086	0.0114405	0.010968	0.00749623	0.00235916	9.28351e-15	
0.00602397	0.00581566	0.00539346	0.00525107	0.00710119	0.00985205	0.00941997	0.00639265	0.0020325	8.06958e-15	
0.00499967	0.00484135	0.0045321	0.00447585	0.00611115	0.00844368	0.00805076	0.00543272	0.00174648	7.00817e-15	
0.00410847	0.00399061	0.00377142	0.00377865	0.00521151	0.00716258	0.00682558	0.00458753	0.00148818	5.99173e-15	
0.00334562	0.00325982	0.00311032	0.00316023	0.00439788	0.00601593	0.0057282	0.00383956	0.00125773	5.11202e-15	
0.00267475	0.00261445	0.00251852	0.0025938	0.00363738	0.00495708	0.00471261	0.00315433	0.00104478	4.27271e-15	
0.00212621	0.00208507	0.00202805	0.00211635	0.00298727	0.00405907	0.00384992	0.00257665	0.000864348	3.57082e-15	
0.00170296	0.00167551	0.00164545	0.0017391	0.00246918	0.00334598	0.00316746	0.00212189	0.000720911	3.00449e-15	
0.00136991	0.00135223	0.00134046	0.00143374	0.00204527	0.0027666	0.00261369	0.00175432	0.000603944	2.53274e-15	
0.00110804	0.00109736	0.00109817	0.0011887	0.00170418	0.00229918	0.00217145	0.00146055	0.000508471	2.15526e-15	
0.000896474	0.000890769	0.000899684	0.000984666	0.00141686	0.00190843	0.00179981	0.00121509	0.000428892	1.83622e-15	
0.000724556	0.000722343	0.000736302	0.000814529	0.00117598	0.00158126	0.00149013	0.00101023	0.00036138	1.5649e-15	
0.000597269	0.000597386	0.000614337	0.000686377	0.000993432	0.00133434	0.00125653	0.000855805	0.000310284	1.34967e-15	
0.000470086	0.000471728	0.000489395	0.000551993	0.000800389	0.00107458	0.00101111	0.000692149	0.000254486	1.12155e-15	
0.000349161	0.000351554	0.000367941	0.000418837	0.000608226	0.000816315	0.000767715	0.000528394	0.000197043	8.7753e-16	
0.000276288	0.000279119	0.000294683	0.000338413	0.00049206	0.000660063	0.000620676	0.000429793	0.000162632	7.32545e-16	
0.000238495	0.000241797	0.000257605	0.000298479	0.000434484	0.000582403	0.000547789	0.000381767	0.000146656	6.67543e-16	
0.000198578	0.000202027	0.000217101	0.000253561	0.000369204	0.000494898	0.00046538	0.000326895	0.000127791	5.89756e-16	
0.000160215	0.000163527	0.000177133	0.000208386	0.000303505	0.000406885	0.000382924	0.000270727	0.000107326	5.01024e-16	
0.000129818	0.000132931	0.000145119	0.000171879	0.000250293	0.000335637	0.000316089	0.000225193	9.07141e-05	4.29206e-16	
0.000105211	0.000108113	0.000119019	0.000141983	0.000206762	0.000277117	0.000261402	0.000187506	7.66387e-05	3.68227e-16	
8.40912e-05	8.66902e-05	9.61419e-05	0.000115339	0.000167814	0.000224932	0.000212336	0.000153954	6.42797e-05	3.13554e-16	
6.61142e-05	6.83832e-05	7.64169e-05	9.22309e-05	0.000134149	0.000179702	0.000170029	0.000124176	5.26154e-05	2.61502e-16	
5.86176e-05	6.08184e-05	6.84332e-05	8.30007e-05	0.000120607	0.000161536	0.000153115	0.000112996	4.88696e-05	2.47172e-16	
4.88784e-05	5.08737e-05	5.76394e-05	7.02479e-05	0.000101966	0.000136559	0.00012973	9.66251e-05	4.25689e-05	2.1901e-16	
4.2107e-05	4.39631e-05	5.0147e-05	6.14008e-05	8.90182e-05	0.000119228	0.000113555	8.52662e-05	3.81903e-05	1.99839e-16	
