       0	       0	       0	       0	       0	       0	       0	       0	       0	       0	
       0	       0	       0	       0	       0	       0	       0	       0	       0	       0	
       0	       0	       0	       0	       0	       0	       0	       0	       0	       0	
       0	       0	       0	       0	       0	       0	       0	       0	       0	       0	
       0	       0	       0	       0	       0	       0	       0	       0	       0	       0	
       0	       0	       0	       0	       0	       0	       0	       0	       0	       0	
       0	       0	       0	       0	       0	       0	       0	       0	       0	       0	
       0	       0	       0	       0	       0	       0	       0	       0	       0	       0	
       0	       0	       0	       0	       0	       0	       0	       0	       0	       0	
       0	       0	       0	       0	       0	       0	       0	       0	       0	       0	
       0	       0	       0	       0	       0	       0	       0	       0	       0	       0	
       0	       0	       0	       0	       0	       0	       0	       0	       0	       0	
2.54331e-05	2.53852e-05	2.51524e-05	2.44458e-05	2.27625e-05	1.95467e-05	1.46495e-05	8.7139e-06	3.02929e-06	1.60001e-17	
0.000102252	0.0001019	0.000100457	9.67154e-05	8.87383e-05	7.47327e-05	5.48312e-05	3.19962e-05	1.09546e-05	5.70931e-17	
0.00023162	0.000230422	0.00022591	0.00021533	0.000194652	0.000160913	0.000115825	6.64917e-05	2.24783e-05	1.16123e-16	
0.000481422	0.000478076	0.000466093	0.000439879	0.000392014	0.000318571	0.00022545	0.000127603	4.2673e-05	2.17315e-16	
0.00101273	0.00100383	0.000973104	0.000909451	0.000799717	0.000640105	0.000446629	0.000249976	8.2903e-05	4.20957e-16	
0.00228236	0.00225819	0.00217695	0.00201575	0.00175081	0.0013826	0.000953006	0.000528362	0.000173997	8.76686e-16	
0.00493878	0.00487779	0.00467718	0.00429291	0.00368649	0.00287611	0.00196124	0.0010783	0.00035288	1.7698e-15	
0.00900899	0.00888225	0.00847298	0.00771279	0.0065553	0.00506064	0.0034199	0.00186744	0.000608016	3.04568e-15	
0.0130938	0.0128883	0.0122348	0.0110523	0.00930595	0.00711639	0.00477009	0.00258815	0.000838569	4.16755e-15	
0.015436	0.0151708	0.0143383	0.0128656	0.0107474	0.00815647	0.00543342	0.00293425	0.000947318	4.69806e-15	
0.0157227	0.0154312	0.0145263	0.0129553	0.0107454	0.00809871	0.00536341	0.00288283	0.000927215	4.57205e-15	
0.0146335	0.0143444	0.0134558	0.0119385	0.00984461	0.00738029	0.00486675	0.00260711	0.000836292	4.13841e-15	
0.0130485	0.0127758	0.0119444	0.0105455	0.00864745	0.00644824	0.00423217	0.00225773	0.000721695	3.55807e-15	
0.0116329	0.0113776	0.0106049	0.0093209	0.00760392	0.00564127	0.00368503	0.00195712	0.000623179	3.04928e-15	
0.0105747	0.0103336	0.00960857	0.0084162	0.00684052	0.00505787	0.00329423	0.0017447	0.000554165	2.72323e-15	
0.00974074	0.00951065	0.00882244	0.00770119	0.00623521	0.00459252	0.00297961	0.00157168	0.000497339	2.43539e-15	
0.00896584	0.0087478	0.00809873	0.00704967	0.00569006	0.00417799	0.00270172	0.00141969	0.00044761	2.1905e-15	
0.00812058	0.00791761	0.00731591	0.00635029	0.00510875	0.00373777	0.00240715	0.00125875	0.000394977	1.93036e-15	
0.00717163	0.00698854	0.00644769	0.0055847	0.00448195	0.00327044	0.00209925	0.00109303	0.000341482	1.65783e-15	
0.00616821	0.00600714	0.00553283	0.00478012	0.00382416	0.00277986	0.00177566	0.000918771	0.000285199	1.38651e-15	
0.00521136	0.00507322	0.00466743	0.00402603	0.00321478	0.0023314	0.0014842	0.000764248	0.000235997	1.14615e-15	
0.00437226	0.00425455	0.00390958	0.00336636	0.0026821	0.00193964	0.00122995	0.000629838	0.000193321	9.3049e-16	
0.00365604	0.00355657	0.00326557	0.00280862	0.00223457	0.00161288	0.00101956	0.000519548	0.000158573	7.6498e-16	
0.00304742	0.00296345	0.00271826	0.00233431	0.0018534	0.0013339	0.00083946	0.000424931	0.000128705	6.17741e-16	
0.0025441	0.00247345	0.00226737	0.00194526	0.00154245	0.00110775	0.000694499	0.000349361	0.000105026	5.03577e-16	
0.00211215	0.00205305	0.00188085	0.00161208	0.00127638	0.000914369	0.000570644	0.000284869	8.48399e-05	4.05502e-16	
0.00173614	0.00168712	0.00154442	0.00132206	0.00104473	0.000746034	0.000462995	0.000229021	6.74323e-05	3.20392e-16	
0.00141415	0.00137389	0.00125679	0.00107454	0.000847498	0.000603193	0.000372124	0.000182232	5.29644e-05	2.50176e-16	
0.00113088	0.00109845	0.0010042	0.000857633	0.000675171	0.000478937	0.000293621	0.000142225	4.07361e-05	1.9039e-16	
0.000899182	0.000873242	0.000797873	0.000680733	0.000534941	0.000378158	0.000230283	0.000110198	3.10318e-05	1.43431e-16	
0.000720354	0.00069945	0.000638734	0.000544402	0.000427011	0.000300771	0.000181854	8.58806e-05	2.37237e-05	1.08734e-16	
0.000579604	0.0005627	0.000513615	0.000437367	0.000342467	0.000240388	0.000144324	6.72431e-05	1.81975e-05	8.21959e-17	
0.000468907	0.000455147	0.000415201	0.000353169	0.000275976	0.000192957	0.000114946	5.27574e-05	1.39428e-05	6.2152e-17	
0.000379449	0.00036826	0.000335781	0.000285345	0.000222563	0.000155022	9.16223e-05	4.13922e-05	1.06547e-05	4.65734e-17	
0.00030674	0.00029765	0.000271265	0.000230291	0.000179273	0.000124376	7.29051e-05	3.23831e-05	8.09204e-06	3.45823e-17	
0.000252898	0.000245373	0.000223531	0.000189606	0.000147347	0.000101856	5.92391e-05	2.58762e-05	6.26738e-06	2.60661e-17	
0.00019908	0.000193138	0.000175887	0.000149085	0.000115677	7.96874e-05	4.59871e-05	1.97426e-05	4.61987e-06	1.85989e-17	
0.000147893	0.000143465	0.000130611	0.000110632	8.57089e-05	5.8839e-05	3.36876e-05	1.42003e-05	3.19665e-06	1.23342e-17	
0.000117043	0.000113529	0.000103325	8.74574e-05	6.76489e-05	4.62766e-05	2.62796e-05	1.08658e-05	2.34154e-06	8.61442e-18	
0.000101048	9.80051e-05	8.91684e-05	7.54202e-05	5.82427e-05	3.96931e-05	2.23436e-05	9.04134e-06	1.84852e-06	6.34601e-18	
8.41464e-05	8.1609e-05	7.42368e-05	6.27584e-05	4.84004e-05	3.28763e-05	1.83553e-05	7.27211e-06	1.40514e-06	4.43761e-18	
6.78984e-05	6.58475e-05	5.98876e-05	5.06038e-05	3.89819e-05	2.64058e-05	1.46428e-05	5.69789e-06	1.04522e-06	2.99564e-18	
5.50228e-05	5.33591e-05	4.85231e-05	4.09854e-05	3.15405e-05	2.13097e-05	1.17389e-05	4.48587e-06	7.77457e-07	1.98221e-18	
4.45975e-05	4.32474e-05	3.93219e-05	3.32001e-05	2.55224e-05	1.7198e-05	9.40932e-06	3.52656e-06	5.71776e-07	1.23041e-18	
3.56489e-05	3.45701e-05	3.1432e-05	2.65337e-05	2.03827e-05	1.37049e-05	7.45385e-06	2.74545e-06	4.17005e-07	7.12524e-19	
2.80303e-05	2.71815e-05	2.47118e-05	2.08551e-05	1.60088e-05	1.07434e-05	5.81384e-06	2.10956e-06	3.01422e-07	3.89158e-19	
2.48542e-05	2.41021e-05	2.19132e-05	1.84924e-05	1.41894e-05	9.50916e-06	5.12514e-06	1.83643e-06	2.48206e-07	2.1552e-19	
2.07262e-05	2.01e-05	1.82767e-05	1.54254e-05	1.1835e-05	7.9253e-06	4.25994e-06	1.51233e-06	1.95284e-07	9.70207e-20	
1.78562e-05	1.73178e-05	1.57496e-05	1.32958e-05	1.0203e-05	6.83117e-06	3.66686e-06	1.29456e-06	1.62093e-07	3.67714e-20	
