1.21799e-12	1.23803e-12	1.30685e-12	1.44481e-12	1.66332e-12	1.92045e-12	2.07215e-12	1.89328e-12	1.08326e-12	7.16647e-24	
2.67808e-12	2.71609e-12	2.84126e-12	3.07587e-12	3.41063e-12	3.72278e-12	3.74694e-12	3.21182e-12	1.77173e-12	1.16886e-23	
4.6926e-12	4.76011e-12	4.97352e-12	5.3409e-12	5.77967e-12	6.00472e-12	5.65377e-12	4.57945e-12	2.45882e-12	1.62456e-23	
4.14424e-12	4.22918e-12	4.48899e-12	4.90383e-12	5.31966e-12	5.39011e-12	4.87652e-12	3.83919e-12	2.04643e-12	1.36447e-23	
6.80116e-12	6.93297e-12	7.31216e-12	7.8211e-12	8.09461e-12	7.67131e-12	6.5629e-12	5.03633e-12	2.68221e-12	1.81008e-23	
1.52018e-11	1.55948e-11	1.66118e-11	1.7592e-11	1.73124e-11	1.51386e-11	1.19993e-11	8.74512e-12	4.55362e-12	3.08868e-23	
3.96323e-11	4.03228e-11	4.17277e-11	4.17282e-11	3.78964e-11	3.0749e-11	2.32877e-11	1.66873e-11	8.70885e-12	5.97476e-23	
9.86134e-11	9.92954e-11	9.93856e-11	9.39277e-11	8.0027e-11	6.20909e-11	4.62716e-11	3.32772e-11	1.76016e-11	1.22413e-22	
3.29022e-10	3.27356e-10	3.16157e-10	2.83434e-10	2.29806e-10	1.73534e-10	1.28858e-10	9.36205e-11	5.03298e-11	3.56066e-22	
1.05211e-09	1.03437e-09	9.66616e-10	8.31062e-10	6.53418e-10	4.89475e-10	3.67353e-10	2.72058e-10	1.49319e-10	1.07822e-21	
2.0273e-09	1.97198e-09	1.79291e-09	1.49536e-09	1.15592e-09	8.67952e-10	6.62165e-10	5.01121e-10	2.80999e-10	2.0613e-21	
2.40214e-09	2.31706e-09	2.06471e-09	1.68983e-09	1.29887e-09	9.85168e-10	7.67141e-10	5.94219e-10	3.40496e-10	2.55061e-21	
2.08708e-09	2.0014e-09	1.76056e-09	1.42764e-09	1.10033e-09	8.47549e-10	6.75421e-10	5.35894e-10	3.13724e-10	2.39165e-21	
1.64587e-09	1.5727e-09	1.37403e-09	1.11207e-09	8.64551e-10	6.78751e-10	5.54506e-10	4.50767e-10	2.69469e-10	2.09376e-21	
1.33747e-09	1.27586e-09	1.11231e-09	9.03285e-10	7.11187e-10	5.70403e-10	4.78078e-10	3.98033e-10	2.4277e-10	1.91577e-21	
1.16088e-09	1.10709e-09	9.66451e-10	7.90531e-10	6.32314e-10	5.19167e-10	4.46815e-10	3.80908e-10	2.36858e-10	1.89162e-21	
1.03685e-09	9.89561e-10	8.67207e-10	7.16528e-10	5.83559e-10	4.91144e-10	4.34096e-10	3.78589e-10	2.39738e-10	1.95599e-21	
8.91563e-10	8.52199e-10	7.5112e-10	6.28253e-10	5.21994e-10	4.50907e-10	4.09338e-10	3.64917e-10	2.35069e-10	1.94588e-21	
7.16998e-10	6.86884e-10	6.10068e-10	5.1794e-10	4.40307e-10	3.91272e-10	3.65129e-10	3.32535e-10	2.17685e-10	1.83061e-21	
5.57828e-10	5.36094e-10	4.81078e-10	4.16273e-10	3.63825e-10	3.33904e-10	3.20816e-10	2.98361e-10	1.98267e-10	1.69271e-21	
4.47042e-10	4.31612e-10	3.93012e-10	3.48904e-10	3.15818e-10	3.00916e-10	2.98136e-10	2.82837e-10	1.90488e-10	1.64463e-21	
3.784e-10	3.67609e-10	3.4119e-10	3.12768e-10	2.94952e-10	2.92589e-10	2.98731e-10	2.8847e-10	1.96532e-10	1.72446e-21	
3.4179e-10	3.34483e-10	3.17324e-10	3.01177e-10	2.95924e-10	3.04573e-10	3.18852e-10	3.12082e-10	2.1452e-10	1.90221e-21	
3.17416e-10	3.12938e-10	3.03346e-10	2.97384e-10	3.02815e-10	3.21098e-10	3.4257e-10	3.38514e-10	2.34293e-10	2.09854e-21	
2.93065e-10	2.9089e-10	2.87432e-10	2.89653e-10	3.03554e-10	3.29306e-10	3.5619e-10	3.54297e-10	2.46547e-10	2.2345e-21	
2.65262e-10	2.64878e-10	2.66126e-10	2.7443e-10	2.94284e-10	3.24844e-10	3.54845e-10	3.5448e-10	2.47718e-10	2.27126e-21	
2.33528e-10	2.3442e-10	2.38924e-10	2.51161e-10	2.7436e-10	3.06946e-10	3.37683e-10	3.38224e-10	2.37144e-10	2.20011e-21	
2.02947e-10	2.04687e-10	2.11277e-10	2.25785e-10	2.50425e-10	2.83108e-10	3.12965e-10	3.13815e-10	2.20564e-10	2.0702e-21	
1.8046e-10	1.82753e-10	1.90677e-10	2.06556e-10	2.31865e-10	2.64121e-10	2.92754e-10	2.93449e-10	2.06573e-10	1.9561e-21	
1.63109e-10	1.65778e-10	1.74596e-10	1.91331e-10	2.16891e-10	2.48461e-10	2.75712e-10	2.7598e-10	1.94457e-10	1.85932e-21	
1.49717e-10	1.52648e-10	1.62077e-10	1.7935e-10	2.04924e-10	2.35683e-10	2.61483e-10	2.61126e-10	1.84059e-10	1.77521e-21	
1.40043e-10	1.43131e-10	1.529e-10	1.70381e-10	1.95669e-10	2.25387e-10	2.49554e-10	2.48327e-10	1.74983e-10	1.70712e-21	
1.32732e-10	1.35885e-10	1.45751e-10	1.6311e-10	1.87756e-10	2.1609e-10	2.38338e-10	2.36036e-10	1.6616e-10	1.6378e-21	
1.26253e-10	1.29373e-10	1.39058e-10	1.55885e-10	1.794e-10	2.05856e-10	2.25809e-10	2.22331e-10	1.56278e-10	1.55352e-21	
1.23975e-10	1.26978e-10	1.36252e-10	1.52214e-10	1.74206e-10	1.98366e-10	2.15631e-10	2.10596e-10	1.4763e-10	1.48277e-21	
1.31101e-10	1.33995e-10	1.42901e-10	1.58119e-10	1.7879e-10	2.00846e-10	2.15385e-10	2.08057e-10	1.45242e-10	1.46961e-21	
1.51573e-10	1.54416e-10	1.63147e-10	1.77966e-10	1.97761e-10	2.18061e-10	2.29767e-10	2.18954e-10	1.52012e-10	1.55203e-21	
1.91173e-10	1.94057e-10	2.02896e-10	2.17785e-10	2.37232e-10	2.56045e-10	2.64449e-10	2.48224e-10	1.71264e-10	1.76239e-21	
2.50884e-10	2.54032e-10	2.63647e-10	2.79647e-10	2.99922e-10	3.18044e-10	3.22902e-10	2.99156e-10	2.05381e-10	2.135e-21	
3.18431e-10	3.21938e-10	3.32579e-10	3.49996e-10	3.71247e-10	3.88417e-10	3.88996e-10	3.56635e-10	2.44009e-10	2.5604e-21	
3.81349e-10	3.8524e-10	3.96947e-10	4.15717e-10	4.37629e-10	4.53273e-10	4.49096e-10	4.08367e-10	2.78839e-10	2.9622e-21	
4.20868e-10	4.25015e-10	4.37367e-10	4.5672e-10	4.7824e-10	4.91475e-10	4.82747e-10	4.36119e-10	2.97501e-10	3.19352e-21	
4.32188e-10	4.36382e-10	4.48735e-10	4.67604e-10	4.87478e-10	4.9754e-10	4.84983e-10	4.35719e-10	2.97133e-10	3.22413e-21	
4.18541e-10	4.2258e-10	4.3434e-10	4.51816e-10	4.69137e-10	4.75786e-10	4.60561e-10	4.11794e-10	2.80868e-10	3.07826e-21	
3.88492e-10	3.92216e-10	4.02921e-10	4.18357e-10	4.32603e-10	4.35955e-10	4.192e-10	3.73191e-10	2.5467e-10	2.8346e-21	
3.51579e-10	3.54903e-10	3.64325e-10	3.77457e-10	3.88554e-10	3.8901e-10	3.71634e-10	3.29537e-10	2.25057e-10	2.52785e-21	
3.14322e-10	3.17232e-10	3.25357e-10	3.36248e-10	3.44474e-10	3.42602e-10	3.25264e-10	2.874e-10	1.96492e-10	2.23336e-21	
2.78432e-10	2.80909e-10	2.87704e-10	2.96385e-10	3.01958e-10	2.98204e-10	2.81355e-10	2.47791e-10	1.69626e-10	1.95393e-21	
2.49006e-10	2.51085e-10	2.56663e-10	2.63354e-10	2.66603e-10	2.61303e-10	2.44997e-10	2.15107e-10	1.47459e-10	1.72175e-21	
2.27058e-10	2.28788e-10	2.333e-10	2.38248e-10	2.39485e-10	2.3287e-10	2.1699e-10	1.89986e-10	1.30444e-10	1.53774e-21	
2.11604e-10	2.13063e-10	2.16743e-10	2.2033e-10	2.20013e-10	2.12426e-10	1.96923e-10	1.72082e-10	1.18388e-10	1.41734e-21	
1.99862e-10	2.01086e-10	2.0404e-10	2.06447e-10	2.04804e-10	1.96425e-10	1.81267e-10	1.5818e-10	1.09069e-10	1.31684e-21	
1.89589e-10	1.9059e-10	1.92867e-10	1.94198e-10	1.91405e-10	1.82424e-10	1.67682e-10	1.4619e-10	1.0105e-10	1.24248e-21	
1.75859e-10	1.76613e-10	1.7817e-10	1.78449e-10	1.74702e-10	1.65487e-10	1.51577e-10	1.32079e-10	9.15346e-11	1.13467e-21	
1.63272e-10	1.63811e-10	1.64751e-10	1.64167e-10	1.59715e-10	1.50473e-10	1.3744e-10	1.19756e-10	8.32251e-11	1.04661e-21	
1.48013e-10	1.48352e-10	1.48746e-10	1.47476e-10	1.42631e-10	1.33737e-10	1.21891e-10	1.06252e-10	7.40554e-11	9.40085e-22	
1.32159e-10	1.32316e-10	1.32227e-10	1.30415e-10	1.25396e-10	1.17057e-10	1.06508e-10	9.29095e-11	6.49501e-11	8.34916e-22	
1.18238e-10	1.18251e-10	1.17795e-10	1.15616e-10	1.10588e-10	1.02858e-10	9.34926e-11	8.16478e-11	5.7253e-11	7.46279e-22	
1.04773e-10	1.04673e-10	1.03946e-10	1.01553e-10	9.66797e-11	8.96524e-11	8.14487e-11	7.12304e-11	5.01028e-11	6.60998e-22	
9.1977e-11	9.17939e-11	9.08838e-11	8.84108e-11	8.38189e-11	7.75443e-11	7.04515e-11	6.17178e-11	4.35471e-11	5.8239e-22	
8.05165e-11	8.02614e-11	7.92022e-11	7.66941e-11	7.24057e-11	6.68419e-11	6.07479e-11	5.33188e-11	3.77384e-11	5.09997e-22	
