0.000106665	0.000104974	0.00010165	9.88587e-05	7.99072e-05	2.80066e-05	1.47538e-05	1.40442e-05	1.19796e-05	4.72164e-16	
0.000109155	0.000109394	0.000112691	0.00012323	0.000114125	5.90121e-05	3.75042e-05	3.25477e-05	2.42278e-05	4.54415e-16	
0.000114693	0.000117925	0.000131989	0.000164168	0.000160736	9.3869e-05	6.62895e-05	5.86026e-05	3.65063e-05	2.74416e-16	
0.000130283	0.000133838	0.000146939	0.000161706	0.000116348	6.65588e-05	5.37373e-05	5.19441e-05	2.70754e-05	1.33843e-16	
0.000177811	0.000185122	0.000208707	0.000222208	0.000153347	9.86309e-05	8.61598e-05	8.12685e-05	3.51224e-05	1.52654e-16	
0.000691176	0.000723774	0.000801358	0.000729921	0.000399543	0.000215809	0.000162895	0.000132303	5.00274e-05	2.18214e-16	
0.00184474	0.00192762	0.00205945	0.00168878	0.000917303	0.000521484	0.000391579	0.000289837	0.000107588	5.10992e-16	
0.00476748	0.00489994	0.00487591	0.00360447	0.0019753	0.0011914	0.000919548	0.000658459	0.000269544	1.51703e-15	
0.016755	0.0168326	0.0155252	0.0106816	0.00599248	0.00380619	0.00300096	0.00212852	0.00103606	7.60788e-15	
0.0556914	0.0545882	0.0471068	0.0311852	0.0181728	0.0122295	0.00995567	0.00728989	0.00457284	5.29161e-14	
0.112155	 0.10752	0.0883144	0.0577296	0.0351269	0.0249305	0.0208746	0.0161892	0.0138435	3.99579e-13	
0.139416	0.131327	0.104489	0.0686179	0.0436646	0.0325525	0.0280108	0.0236017	0.0279906	7.29846e-12	
0.127572	 0.11871	0.0928779	0.0619518	0.0412166	0.0321522	0.028445	0.026611	0.0392131	6.5858e-13	
0.106256	0.0981663	0.0764194	0.0521296	0.0362212	0.0294632	0.0268467	0.0282665	0.0374406	1.61575e-13	
0.091468	0.0842329	 0.06577	0.0460376	0.0333353	0.0281709	0.0264989	0.0314339	0.0269513	7.27596e-14	
0.084285	0.0776114	0.0611398	0.0440176	0.0331688	0.0290522	0.0283153	0.0371728	0.0187905	4.57004e-14	
0.0799851	0.0737967	 0.05885	0.043597	0.0341144	0.0308935	0.0313114	0.0436123	0.0137457	3.39699e-14	
0.073175	0.0677474	0.0548206	0.0418017	0.0339144	0.0316994	0.033521	0.0464423	0.010277	2.65922e-14	
0.0626874	0.0583137	0.0479911	0.0377127	0.0317298	 0.03062	0.0339202	0.0436148	0.00772594	2.09599e-14	
0.052049	0.0487157	0.0408992	0.0332234	0.0290654	0.0290485	0.0338814	0.0385298	0.0061031	1.73901e-14	
0.0445376	0.0420145	0.0361362	0.0305036	0.0278971	0.0290495	0.0358921	0.035442	0.00538296	1.59114e-14	
0.0405369	0.0385997	0.0341303	0.0300495	0.0288059	0.0313363	0.0409588	0.0347795	0.00523952	1.59965e-14	
0.0391866	0.037671	0.0342396	0.0314003	0.0314694	0.0356971	0.0488541	0.0351776	0.0053755	1.6854e-14	
0.0386944	0.0375165	0.0349388	0.033191	0.0345381	0.0406064	0.0570682	  0.0346	0.0054578	1.76575e-14	
0.0376868	0.0368005	0.0349686	0.0341905	0.036671	0.0443904	0.0625479	0.0321666	0.00530763	1.7757e-14	
0.0355985	0.0349707	0.0337974	0.0338536	0.037235	0.046188	0.0637209	0.0283928	0.00494003	1.71084e-14	
0.0324499	0.0320426	0.0314205	0.0321284	0.0360938	0.0456763	0.0602657	0.0239213	0.00440882	1.58062e-14	
0.0289351	0.028707	0.0285249	0.0297176	0.0340231	0.0437763	0.0541818	0.0197431	0.00386002	1.44008e-14	
0.0261164	0.0260233	0.0261749	0.0277394	0.0323033	0.0420968	0.0481068	0.0165503	0.00343573	1.33214e-14	
0.0238536	0.0238653	0.0242772	0.0261343	0.0308957	0.0405822	0.0423602	0.0140924	0.00310441	1.25685e-14	
0.0220652	0.0221596	0.0227791	0.0248727	0.0297881	0.0392079	0.0371569	0.0121879	0.00284759	1.20745e-14	
0.0205445	0.0207057	0.0214947	0.0237834	0.0288163	0.0377938	0.0325077	0.0106814	0.00264741	1.18097e-14	
0.0191187	0.0193347	0.0202621	0.0227054	0.0278019	0.0361179	0.0283086	0.00943448	0.00248145	1.16625e-14	
0.0176242	0.0178822	0.0189119	0.0214513	0.0265149	0.0339059	0.024397	0.0083247	0.0023246	1.16292e-14	
0.0160161	0.0163129	0.0174391	0.0200752	0.0251186	0.0315478	0.0211165	0.00745043	0.00221036	1.18287e-14	
0.0146331	0.0149814	0.0162536	0.0191069	0.0243625	0.0301042	0.0190772	0.007027	0.00221418	1.27463e-14	
0.0135681	0.0139973	0.0155197	0.0188195	0.0246962	0.0301497	0.0184476	0.00714926	0.00238737	1.49192e-14	
0.0128121	0.0133742	0.0153262	0.0194495	0.0265838	0.0322262	0.0194013	0.00794246	0.00279906	1.90669e-14	
0.0129843	0.0137484	0.0163671	0.0217979	0.0309221	0.0369316	0.0220285	0.00947299	0.00350874	2.64259e-14	
0.0135987	0.0146062	0.0180297	0.0250256	0.0363868	0.0423244	0.0250674	0.0112449	0.00436682	3.71674e-14	
0.0145832	0.0158423	0.0200936	0.0286567	0.0419966	0.047056	0.0276858	0.0128729	0.00523295	5.14295e-14	
0.0155216	0.0169754	0.0218557	0.0315303	0.045854	0.0491221	0.028729	0.0137811	0.00585814	6.8476e-14	
0.0160846	0.0176472	0.0228604	0.0330059	0.0471418	0.0481615	0.0280555	0.0138419	0.00614222	8.83278e-14	
 0.01621	0.0177919	0.0230328	0.0330149	0.0459605	0.0447797	0.0260374	0.0131826	0.00609323	1.12292e-13	
0.0158667	0.0173976	0.0224286	0.0317758	0.0429291	0.0399897	0.0232679	0.0120686	0.00579191	1.43631e-13	
0.0152135	0.016653	0.0213398	0.0298041	0.0389791	0.034846	0.0203362	0.0107906	0.00535491	1.86465e-13	
0.0144744	0.0158061	0.0200958	0.0275971	0.0348689	0.0300299	0.0176084	0.00954422	0.00487486	2.47764e-13	
0.0135339	0.0147486	0.018615	0.025139	0.0307051	0.025612	0.0151229	0.00836369	0.00437045	3.17117e-13	
0.0126753	0.0137896	0.0172898	0.0229698	0.0271549	0.0220519	0.0131307	0.00739564	0.00392408	3.42139e-13	
0.0120311	0.0130692	0.0162835	0.0212826	0.0243866	0.0193711	0.0116434	0.00666559	0.00356343	2.7797e-13	
0.0117255	0.0127057	0.0156926	0.0201223	0.0223351	0.0174064	0.0105695	0.00614952	0.00330048	1.87148e-13	
0.0116171	0.012549	0.0153383	0.0192606	0.0207169	0.0158844	0.00974288	0.0057519	0.00308114	1.19192e-13	
0.0115532	0.0124365	0.0150288	0.0184643	0.0192702	0.0145771	0.00903092	0.00540191	0.00287215	7.83148e-14	
0.0111306	0.0119439	0.0142813	0.0171873	0.0174584	0.0130789	0.00819047	0.00495771	0.00260174	5.20737e-14	
0.0107764	0.0115188	0.0136031	0.0160113	0.0158405	0.0117671	0.00744226	0.00455163	0.00234916	3.65724e-14	
0.0101845	0.0108393	0.0126306	0.0145323	0.014024	0.0103469	0.00660632	0.00407706	0.0020629	2.58582e-14	
0.00939236	0.00995659	0.0114584	0.012909	0.0121913	0.0089573	0.00577534	0.00359233	0.0017768	1.86153e-14	
0.00869008	0.00917067	0.0104109	0.0114773	0.0106188	0.00777483	0.00505829	0.00316744	0.00152966	1.38183e-14	
0.00794084	0.0083407	0.00933736	0.0100769	0.0091488	0.00668136	0.00438383	0.00276062	0.00130111	1.0421e-14	
0.00716387	0.00748826	0.00826538	0.00873703	0.00779722	0.00568476	0.00376004	0.00237898	0.00109419	7.9101e-15	
0.0063371	0.00659878	0.00720113	0.00748614	0.00659788	0.00481756	0.00321529	0.00204192	0.000915803	6.07672e-15	
