2.45842e-12	2.44158e-12	2.41637e-12	2.43988e-12	2.55198e-12	2.70441e-12	2.69935e-12	2.26512e-12	1.19184e-12	7.56471e-24	
5.60057e-12	5.57968e-12	5.55049e-12	5.58364e-12	5.69825e-12	5.72284e-12	5.25107e-12	4.00414e-12	1.97764e-12	1.2412e-23	
9.92426e-12	9.91475e-12	9.92382e-12	1.00102e-11	1.00817e-11	9.66486e-12	8.13497e-12	5.69255e-12	2.71463e-12	1.71077e-23	
8.68504e-12	8.729e-12	8.88278e-12	9.14499e-12	9.27637e-12	8.62632e-12	6.82909e-12	4.61878e-12	2.21663e-12	1.42115e-23	
1.42874e-11	1.43668e-11	1.45931e-11	1.47931e-11	1.42936e-11	1.21594e-11	8.88375e-12	5.88143e-12	2.86151e-12	1.86959e-23	
3.06788e-11	3.12034e-11	3.25204e-11	3.34453e-11	3.13495e-11	2.46525e-11	1.66296e-11	1.04067e-11	4.90738e-12	3.20655e-23	
7.96364e-11	8.05522e-11	8.20978e-11	8.00355e-11	6.85636e-11	4.92148e-11	3.16436e-11	1.96024e-11	9.32305e-12	6.17864e-23	
1.97742e-10	1.98193e-10	1.95699e-10	1.79512e-10	1.42217e-10	9.66269e-11	6.13702e-11	3.85093e-11	1.87043e-11	1.26066e-22	
6.58431e-10	6.52412e-10	6.21181e-10	5.36771e-10	4.00042e-10	2.63442e-10	1.67551e-10	1.07016e-10	5.3156e-11	3.65434e-22	
2.10481e-09	2.05984e-09	1.89142e-09	1.55376e-09	1.11233e-09	7.25248e-10	4.68508e-10	3.07267e-10	1.56784e-10	1.10306e-21	
4.05516e-09	3.9225e-09	3.48942e-09	2.75863e-09	1.92867e-09	1.25953e-09	8.30487e-10	5.60065e-10	2.93555e-10	2.10306e-21	
4.80479e-09	4.60261e-09	3.9947e-09	3.07774e-09	2.12895e-09	1.40376e-09	9.47986e-10	6.57993e-10	3.5415e-10	2.59624e-21	
4.17451e-09	3.96964e-09	3.38618e-09	2.56983e-09	1.77531e-09	1.18819e-09	8.23643e-10	5.88581e-10	3.25073e-10	2.42964e-21	
3.29215e-09	3.11487e-09	2.62814e-09	1.98063e-09	1.37522e-09	9.37505e-10	6.68043e-10	4.91487e-10	2.78303e-10	2.12346e-21	
2.67522e-09	2.52337e-09	2.11666e-09	1.59342e-09	1.1168e-09	7.77225e-10	5.69697e-10	4.3123e-10	2.50034e-10	1.94024e-21	
2.32224e-09	2.18693e-09	1.83052e-09	1.38218e-09	9.80916e-10	6.98307e-10	5.27033e-10	4.1033e-10	2.43366e-10	1.91354e-21	
2.07428e-09	1.95255e-09	1.63545e-09	1.24247e-09	8.95e-10	6.52735e-10	5.07405e-10	4.05891e-10	2.45861e-10	1.97684e-21	
1.78397e-09	1.67989e-09	1.41083e-09	1.08082e-09	7.91782e-10	5.92477e-10	4.74575e-10	3.89677e-10	2.4072e-10	1.96524e-21	
1.43551e-09	1.35319e-09	1.14156e-09	8.84051e-10	6.60552e-10	5.08572e-10	4.20341e-10	3.54045e-10	2.2271e-10	1.848e-21	
1.11851e-09	1.05628e-09	8.97057e-10	7.04781e-10	5.39734e-10	4.29683e-10	3.67364e-10	3.17204e-10	2.02816e-10	1.70867e-21	
8.99162e-10	8.51658e-10	7.3068e-10	5.85918e-10	4.63575e-10	3.84305e-10	3.40733e-10	3.01057e-10	1.9508e-10	1.66094e-21	
7.64929e-10	7.27565e-10	6.32987e-10	5.21267e-10	4.29116e-10	3.7209e-10	3.41968e-10	3.08154e-10	2.01714e-10	1.74322e-21	
6.95018e-10	6.64591e-10	5.88133e-10	4.99319e-10	4.28527e-10	3.8762e-10	3.66977e-10	3.35251e-10	2.20842e-10	1.92533e-21	
6.4908e-10	6.24206e-10	5.62235e-10	4.91764e-10	4.38188e-10	4.1034e-10	3.97103e-10	3.65907e-10	2.41958e-10	2.12674e-21	
6.02055e-10	5.82166e-10	5.33118e-10	4.78808e-10	4.40141e-10	4.23309e-10	4.16042e-10	3.85306e-10	2.5538e-10	2.26726e-21	
5.46941e-10	5.31602e-10	4.94237e-10	4.5427e-10	4.28408e-10	4.20535e-10	4.17778e-10	3.87854e-10	2.57352e-10	2.30712e-21	
4.82936e-10	4.71617e-10	4.44483e-10	4.16806e-10	4.01467e-10	4.00414e-10	4.00779e-10	3.72307e-10	2.47084e-10	2.23714e-21	
4.2079e-10	4.12759e-10	3.9393e-10	3.7605e-10	3.68758e-10	3.72451e-10	3.74618e-10	3.47627e-10	2.30508e-10	2.10745e-21	
3.74964e-10	3.69308e-10	3.56464e-10	3.45587e-10	3.43917e-10	3.50666e-10	3.53582e-10	3.27221e-10	2.1657e-10	1.99356e-21	
3.39592e-10	3.35724e-10	3.27383e-10	3.21754e-10	3.24222e-10	3.33029e-10	3.36093e-10	3.09851e-10	2.04537e-10	1.89718e-21	
3.12316e-10	3.09815e-10	3.04913e-10	3.03281e-10	3.08839e-10	3.19005e-10	3.21785e-10	2.95244e-10	1.94255e-10	1.81358e-21	
2.92505e-10	2.91009e-10	2.8862e-10	2.89847e-10	2.97465e-10	3.08206e-10	3.10143e-10	2.82826e-10	1.8532e-10	1.74605e-21	
2.77376e-10	2.76617e-10	2.76044e-10	2.79242e-10	2.88058e-10	2.98658e-10	2.9924e-10	2.70858e-10	1.76606e-10	1.67708e-21	
2.63747e-10	2.63508e-10	2.64172e-10	2.68573e-10	2.77799e-10	2.87595e-10	2.86444e-10	2.57072e-10	1.66694e-10	1.59271e-21	
2.58323e-10	2.58327e-10	2.5948e-10	2.64049e-10	2.72552e-10	2.80442e-10	2.76598e-10	2.45462e-10	1.58048e-10	1.52196e-21	
2.71706e-10	2.71663e-10	2.72534e-10	2.76246e-10	2.82914e-10	2.8768e-10	2.79618e-10	2.44539e-10	1.56067e-10	1.51012e-21	
3.11803e-10	3.11422e-10	3.11234e-10	3.13017e-10	3.16579e-10	3.16592e-10	3.01971e-10	2.59481e-10	1.63908e-10	1.5963e-21	
3.90067e-10	3.88999e-10	3.86792e-10	3.85244e-10	3.83864e-10	3.76551e-10	3.51596e-10	2.96368e-10	1.852e-10	1.81393e-21	
5.08859e-10	5.06948e-10	5.02305e-10	4.96785e-10	4.89384e-10	4.72593e-10	4.33335e-10	3.59237e-10	2.22531e-10	2.19815e-21	
6.43289e-10	6.40538e-10	6.3343e-10	6.23734e-10	6.09619e-10	5.81788e-10	5.25761e-10	4.29993e-10	2.64672e-10	2.63609e-21	
7.68527e-10	7.65141e-10	7.5609e-10	7.42792e-10	7.22255e-10	6.8324e-10	6.10303e-10	4.93705e-10	3.02575e-10	3.04873e-21	
8.47012e-10	8.43385e-10	8.33435e-10	8.17942e-10	7.92607e-10	7.4466e-10	6.58772e-10	5.28129e-10	3.22786e-10	3.28523e-21	
8.69137e-10	8.65606e-10	8.55673e-10	8.39307e-10	8.1101e-10	7.57241e-10	6.63994e-10	5.28088e-10	3.22215e-10	3.31463e-21	
8.41404e-10	8.382e-10	8.28937e-10	8.12758e-10	7.83267e-10	7.26979e-10	6.32115e-10	4.99144e-10	3.04307e-10	3.1623e-21	
7.80885e-10	7.7808e-10	7.69716e-10	7.54222e-10	7.24691e-10	6.68412e-10	5.76331e-10	4.52088e-10	2.75591e-10	2.90959e-21	
7.06658e-10	7.0422e-10	6.96694e-10	6.81963e-10	6.52952e-10	5.98189e-10	5.11416e-10	3.98709e-10	2.43186e-10	2.59235e-21	
6.31819e-10	6.2968e-10	6.2285e-10	6.08809e-10	5.8057e-10	5.28089e-10	4.47685e-10	3.47094e-10	2.11959e-10	2.28816e-21	
5.59635e-10	5.57692e-10	5.51295e-10	5.37693e-10	5.10224e-10	4.60439e-10	3.8697e-10	2.98509e-10	1.82621e-10	1.99986e-21	
5.0044e-10	4.98576e-10	4.92301e-10	4.78715e-10	4.51567e-10	4.03949e-10	3.36488e-10	2.58364e-10	1.58422e-10	1.76039e-21	
4.56278e-10	4.54386e-10	4.47933e-10	4.33918e-10	4.06506e-10	3.60218e-10	2.97388e-10	2.27409e-10	1.39829e-10	1.57061e-21	
4.25081e-10	4.23119e-10	4.16376e-10	4.01772e-10	3.73845e-10	3.28344e-10	2.68983e-10	2.05143e-10	1.26603e-10	1.44612e-21	
4.01425e-10	3.99354e-10	3.92216e-10	3.76873e-10	3.48239e-10	3.03205e-10	2.46655e-10	1.87781e-10	1.16365e-10	1.34223e-21	
3.80756e-10	3.78552e-10	3.70964e-10	3.54844e-10	3.25541e-10	2.8105e-10	2.27204e-10	1.72808e-10	1.07563e-10	1.26523e-21	
3.53051e-10	3.50729e-10	3.42784e-10	3.26209e-10	2.96982e-10	2.54226e-10	2.04359e-10	1.5541e-10	9.72068e-11	1.15436e-21	
3.2776e-10	3.25337e-10	3.17105e-10	3.00229e-10	2.71311e-10	2.30448e-10	1.84382e-10	1.40299e-10	8.81929e-11	1.06385e-21	
2.97161e-10	2.94707e-10	2.86435e-10	2.69784e-10	2.42043e-10	2.04121e-10	1.62707e-10	1.2396e-10	7.83193e-11	9.54824e-22	
2.65292e-10	2.6284e-10	2.54655e-10	2.38521e-10	2.12427e-10	1.77929e-10	1.414e-10	1.07928e-10	6.85525e-11	8.47357e-22	
2.37386e-10	2.34958e-10	2.26929e-10	2.11411e-10	1.87e-10	1.55707e-10	1.23482e-10	9.44741e-11	6.03209e-11	7.56891e-22	
2.1042e-10	2.08056e-10	2.00316e-10	1.85641e-10	1.63157e-10	1.35156e-10	1.07044e-10	8.21207e-11	5.27024e-11	6.69988e-22	
1.84813e-10	1.8255e-10	1.7521e-10	1.61553e-10	1.41152e-10	1.1642e-10	9.21555e-11	7.09152e-11	4.57397e-11	5.89983e-22	
1.61727e-10	1.59557e-10	1.52601e-10	1.39932e-10	1.21518e-10	9.98149e-11	7.90143e-11	6.10264e-11	3.9573e-11	5.16342e-22	
