360	0.00363
361	0.00386
362	0.00393
363	0.00395
364	0.00405
365	0.00412
366	0.00417
367	0.00419
368	0.00406
369	0.00426
370	0.00437
371	0.00446
372	0.00459
373	0.00452
374	0.00447
375	0.00441
376	0.00443
377	0.00465
378	0.0049
379	0.00518
380	0.00523
381	0.00533
382	0.00571
383	0.0059
384	0.00607
385	0.00631
386	0.00678
387	0.00756
388	0.00847
389	0.0099
390	0.01162
391	0.01463
392	0.01887
393	0.025
394	0.03333
395	0.04504
396	0.06114
397	0.08255
398	0.10916
399	0.14283
400	0.1824
401	0.2269
402	0.27562
403	0.32565
404	0.38147
405	0.43913
406	0.49732
407	0.55387
408	0.60806
409	0.65702
410	0.69995
411	0.73381
412	0.76023
413	0.77868
414	0.79097
415	0.79684
416	0.79827
417	0.7963
418	0.79284
419	0.78805
420	0.78498
421	0.78498
422	0.78936
423	0.79811
424	0.81068
425	0.82748
426	0.84654
427	0.86814
428	0.89074
429	0.91387
430	0.93616
431	0.95611
432	0.97297
433	0.98586
434	0.99458
435	0.99919
436	0.99911
437	0.99395
438	0.98507
439	0.97241
440	0.95717
441	0.93861
442	0.918
443	0.89687
444	0.87631
445	0.85663
446	0.83757
447	0.82051
448	0.80482
449	0.79275
450	0.78289
451	0.77602
452	0.7714
453	0.76887
454	0.76894
455	0.76983
456	0.77238
457	0.77554
458	0.77918
459	0.78318
460	0.78658
461	0.78938
462	0.79077
463	0.79113
464	0.78963
465	0.78566
466	0.78019
467	0.77277
468	0.76375
469	0.75374
470	0.74142
471	0.72881
472	0.714
473	0.69945
474	0.68448
475	0.66948
476	0.65426
477	0.63937
478	0.62455
479	0.60984
480	0.59604
481	0.58367
482	0.57253
483	0.56122
484	0.55037
485	0.53983
486	0.53086
487	0.52211
488	0.51381
489	0.50553
490	0.49884
491	0.49242
492	0.48585
493	0.47925
494	0.47187
495	0.46465
496	0.45714
497	0.45013
498	0.44278
499	0.43555
500	0.42749
501	0.41898
502	0.41031
503	0.40111
504	0.39177
505	0.38212
506	0.37232
507	0.36246
508	0.35246
509	0.3424
510	0.33292
511	0.32313
512	0.31414
513	0.30528
514	0.2974
515	0.28919
516	0.28162
517	0.2737
518	0.26629
519	0.25872
520	0.25192
521	0.24567
522	0.23949
523	0.23356
524	0.22739
525	0.222
526	0.21614
527	0.21066
528	0.20528
529	0.20064
530	0.196
531	0.19141
532	0.18679
533	0.18216
534	0.17753
535	0.17361
536	0.16943
537	0.16559
538	0.16112
539	0.1566
540	0.15271
541	0.14912
542	0.14573
543	0.14176
544	0.1378
545	0.1337
546	0.13015
547	0.12672
548	0.1234
549	0.11983
550	0.11616
551	0.11262
552	0.10939
553	0.10644
554	0.1033
555	0.09984
556	0.09674
557	0.09364
558	0.09095
559	0.08828
560	0.08593
561	0.08372
562	0.08141
563	0.07915
564	0.07691
565	0.07473
566	0.07235
567	0.07033
568	0.06834
569	0.06656
570	0.06465
571	0.06276
572	0.06116
573	0.05989
574	0.05885
575	0.05732
576	0.05545
577	0.05389
578	0.05257
579	0.05163
580	0.05043
581	0.04905
582	0.04767
583	0.04656
584	0.04586
585	0.04484
586	0.04392
587	0.04293
588	0.04196
589	0.04095
590	0.03969
591	0.03882
592	0.03773
593	0.0368
594	0.03559
595	0.03491
596	0.03431
597	0.0335
598	0.03223
599	0.03122
600	0.03028
601	0.02954
602	0.02905
603	0.02853
604	0.02779
605	0.02676
606	0.02581
607	0.02515
608	0.02464
609	0.02402
610	0.02359
611	0.0229
612	0.02222
613	0.02179
614	0.02129
615	0.02104
616	0.02041
617	0.02001
618	0.01954
619	0.01902
620	0.01856
621	0.01804
622	0.0176
623	0.01725
624	0.01691
625	0.0166
626	0.01666
627	0.01673
628	0.01639
629	0.01578
630	0.01515
631	0.01482
632	0.01458
633	0.01436
634	0.01441
635	0.01421
636	0.01399
637	0.01359
638	0.01317
639	0.01272
640	0.01256
641	0.01241
642	0.01241
643	0.01241
644	0.0124
645	0.01219
646	0.01181
647	0.0116
648	0.01147
649	0.01136
650	0.0112
651	0.01126
652	0.01098
653	0.01095
654	0.01052
655	0.01044
656	0.01027
657	0.01019
658	0.01015
659	0.01
660	0.00976
661	0.00967
662	0.00941
663	0.00942
664	0.00926
665	0.00925
666	0.009
667	0.00892
668	0.00879
669	0.00859
670	0.00852
671	0.00843
672	0.00875
673	0.00871
674	0.00861
675	0.00843
676	0.00815
677	0.00837
678	0.00832
679	0.00831
680	0.00814
681	0.00833
682	0.00865
683	0.00856
684	0.00827
685	0.00778
686	0.00774
687	0.00754
688	0.00778
689	0.00775
690	0.00771
691	0.00765
692	0.00759
693	0.00774
694	0.00758
695	0.00759
696	0.00756
697	0.00775
698	0.0078
699	0.00767
700	0.00739
701	0.00712
702	0.00718
703	0.00705
704	0.00718
705	0.0071
706	0.00711
707	0.00709
708	0.00716
709	0.00718
710	0.00723
711	0.00712
712	0.0069
713	0.00664
714	0.00629
715	0.00621
716	0.00627
717	0.00636
718	0.00646
719	0.00643
720	0.00638
721	0.00628
722	0.00619
723	0.00634
724	0.00638
725	0.0062
726	0.00604
727	0.00598
728	0.00602
729	0.0058
730	0.00574
731	0.00583
732	0.00599
733	0.0059
734	0.00563
735	0.00521
736	0.0053
737	0.00528
738	0.00534
739	0.00521
740	0.00523
741	0.00513
742	0.00507
743	0.00502
744	0.00517
745	0.00519
746	0.00531
747	0.0053
748	0.00533
749	0.00522
750	0.00504
751	0.005
752	0.00489
753	0.00485
754	0.00484
755	0.00481
756	0.00487
757	0.00486
758	0.00456
759	0.00443
760	0.00449
761	0.00469
762	0.00457
763	0.00446
764	0.00455
765	0.00472
766	0.00475
767	0.00444
768	0.00417
769	0.00402
770	0.00392
771	0.00404
772	0.00397
773	0.00397
774	0.00386
775	0.00383
776	0.00387
777	0.00408
778	0.00395
779	0.00396
780	0.00352
781	0.00339
782	0.00349
783	0.00366
784	0.00392
785	0.00389
786	0.0038
787	0.00353
788	0.00337
789	0.00355
790	0.00346
791	0.00326
792	0.00283
793	0.00292
794	0.00302
795	0.00321
796	0.00313
797	0.00328
798	0.00293
799	0.00296
800	0.00255
801	0.00286
802	0.00277
803	0.00286
804	0.00282
805	0.00302
806	0.00317
807	0.00297
808	0.00284
809	0.00286
810	0.00304
811	0.00297
812	0.00288
813	0.00269
814	0.00264
815	0.00271
816	0.00289
817	0.00282
818	0.00302
819	0.00284
820	0.00284
821	0.00252
822	0.00249
823	0.0025
824	0.00263
825	0.00279
826	0.00279
827	0.00268
828	0.00257
829	0.00257
830	0.00245