400	0
401	0
402	0
403	0
404	0
405	0
406	0
407	0
408	0
409	0
410	0
411	0
412	0
413	0
414	0
415	0
416	0
417	0
418	0
419	0
420	0
421	0
422	0
423	0
424	6.23442E-8
425	1.75365E-6
426	9.49893E-6
427	3.41579E-5
428	9.65217E-5
429	2.29246E-4
430	4.74825E-4
431	8.78479E-4
432	0.00148
433	0.00229
434	0.0033
435	0.00447
436	0.00573
437	0.00699
438	0.00814
439	0.00915
440	0.00997
441	0.0106
442	0.01114
443	0.01165
444	0.01227
445	0.01302
446	0.01394
447	0.01498
448	0.01612
449	0.01738
450	0.01885
451	0.02063
452	0.02278
453	0.0253
454	0.02813
455	0.03117
456	0.03434
457	0.03769
458	0.04129
459	0.04526
460	0.04974
461	0.05489
462	0.06083
463	0.06772
464	0.07565
465	0.08465
466	0.09464
467	0.10542
468	0.11671
469	0.12825
470	0.13988
471	0.15155
472	0.16337
473	0.17553
474	0.18833
475	0.202
476	0.21674
477	0.2326
478	0.24953
479	0.26735
480	0.28588
481	0.30493
482	0.32439
483	0.34417
484	0.36427
485	0.38466
486	0.40527
487	0.42594
488	0.44653
489	0.46683
490	0.48669
491	0.50608
492	0.52507
493	0.54387
494	0.56279
495	0.58214
496	0.6021
497	0.62267
498	0.64367
499	0.66468
500	0.68525
501	0.705
502	0.72368
503	0.74127
504	0.7579
505	0.77377
506	0.7891
507	0.80392
508	0.81825
509	0.832
510	0.84511
511	0.85759
512	0.86948
513	0.8808
514	0.89153
515	0.90162
516	0.91105
517	0.91993
518	0.92844
519	0.93679
520	0.9451
521	0.95334
522	0.96126
523	0.96851
524	0.97476
525	0.97983
526	0.98376
527	0.98676
528	0.98918
529	0.9913
530	0.9933
531	0.99519
532	0.99691
533	0.9983
534	0.99928
535	0.99984
536	1
537	0.9998
538	0.99922
539	0.99818
540	0.99651
541	0.99412
542	0.99094
543	0.98703
544	0.98256
545	0.97772
546	0.97269
547	0.96756
548	0.96229
549	0.9568
550	0.95093
551	0.94454
552	0.93751
553	0.92977
554	0.92134
555	0.9123
556	0.90287
557	0.89327
558	0.8838
559	0.87466
560	0.86605
561	0.85796
562	0.85031
563	0.84289
564	0.83547
565	0.8279
566	0.82009
567	0.81209
568	0.80396
569	0.7958
570	0.7876
571	0.77939
572	0.77111
573	0.76278
574	0.75443
575	0.74611
576	0.73785
577	0.72958
578	0.72116
579	0.71238
580	0.70308
581	0.69323
582	0.68293
583	0.67242
584	0.66203
585	0.65207
586	0.64275
587	0.6342
588	0.62635
589	0.61908
590	0.61214
591	0.60523
592	0.59805
593	0.59039
594	0.58215
595	0.57346
596	0.56455
597	0.55577
598	0.54747
599	0.53984
600	0.53291
601	0.52653
602	0.5204
603	0.51421
604	0.5077
605	0.50073
606	0.4933
607	0.48554
608	0.47768
609	0.46994
610	0.46249
611	0.45539
612	0.44851
613	0.44168
614	0.43462
615	0.42715
616	0.41923
617	0.41103
618	0.40289
619	0.3952
620	0.38829
621	0.38235
622	0.37733
623	0.373
624	0.36905
625	0.36511
626	0.3609
627	0.3562
628	0.35095
629	0.34514
630	0.3389
631	0.33234
632	0.32566
633	0.31901
634	0.31259
635	0.30653
636	0.30094
637	0.29586
638	0.29127
639	0.28713
640	0.28328
641	0.27957
642	0.27582
643	0.27188
644	0.26766
645	0.26313
646	0.25837
647	0.25349
648	0.24863
649	0.24386
650	0.23918
651	0.23454
652	0.22991
653	0.22524
654	0.2206
655	0.21612
656	0.21193
657	0.20815
658	0.2048
659	0.20182
660	0.19908
661	0.19643
662	0.19373
663	0.19088
664	0.18785
665	0.18465
666	0.18128
667	0.17783
668	0.17432
669	0.17083
670	0.16737
671	0.16397
672	0.16065
673	0.15741
674	0.15424
675	0.15116
676	0.14814
677	0.14517
678	0.14226
679	0.13941
680	0.13659
681	0.13384
682	0.13113
683	0.12849
684	0.12591
685	0.1234
686	0.12095
687	0.11859
688	0.1163
689	0.11409
690	0.11195
691	0.10988
692	0.10789
693	0.10593
694	0.10403
695	0.10214
696	0.10028
697	0.09841
698	0.09656
699	0.09469
700	0.09284
701	0.09097
702	0.08912
703	0.08725
704	0.0854
705	0.08353
706	0.08168
707	0.07981
708	0.07796
709	0.07609
710	0.07424
711	0.07237
712	0.07052
713	0.06866
714	0.0668
715	0.06494
716	0.06308
717	0.06122
718	0.05967
719	0.05813
720	0.0566
721	0.05509
722	0.05359
723	0.05179
724	0.05
725	0.0482
726	0.04641
727	0.04461
728	0.04282
729	0.04103
730	0.03922
731	0.03743
732	0.03563
733	0.03384
734	0.03204
735	0.03025
736	0.02846
737	0.02665
738	0.02486
739	0.02306
740	0.02127
741	0.01947
742	0.01768
743	0.01589
744	0.01409
745	0.01229
746	0.01049
747	0.0087
748	0.0069
749	0.00511
750	0.00337
751	0.00199
752	9.66596E-4
753	3.03742E-4
754	2.79777E-18
755	2.79777E-18
756	2.79777E-18
757	2.79777E-18
758	2.79777E-18
759	2.79777E-18
760	2.79777E-18
761	2.79777E-18
762	2.79777E-18
763	2.79777E-18
764	2.79777E-18
765	2.79777E-18
766	2.79777E-18
767	2.79777E-18
768	2.79777E-18
769	2.79777E-18
770	2.79777E-18
771	2.79777E-18
772	2.79777E-18
773	2.79777E-18
774	2.79777E-18
775	2.79777E-18
776	2.79777E-18
777	2.79777E-18
778	2.79777E-18
779	2.79777E-18
780	2.79777E-18
781	2.79777E-18
782	2.79777E-18
783	2.79777E-18
784	2.79777E-18
785	2.79777E-18
786	2.79777E-18
787	2.79777E-18
788	2.79777E-18
789	2.79777E-18
790	2.79777E-18
791	2.79777E-18
792	2.79777E-18
793	2.79777E-18
794	2.79777E-18
795	2.79777E-18
796	2.79777E-18
797	2.79777E-18
798	2.79777E-18
799	4.66295E-18
800	1.39889E-17