400	0
401	0
402	0
403	0
404	0
405	0
406	0
407	0
408	0
409	0
410	0
411	0
412	0
413	0
414	0
415	0
416	0
417	0
418	0
419	0
420	0
421	0
422	0
423	0
424	0
425	0
426	0
427	0
428	0
429	0
430	0
431	0
432	0
433	0
434	0
435	0
436	0
437	0
438	0
439	0
440	0
441	0
442	0
443	0
444	0
445	2.67746E-4
446	9.21049E-4
447	0.00157
448	0.00223
449	0.00288
450	0.00342
451	0.00342
452	0.00342
453	0.00342
454	0.00342
455	0.00342
456	0.00342
457	0.00395
458	0.00482
459	0.00569
460	0.00656
461	0.00721
462	0.00773
463	0.00825
464	0.00878
465	0.0093
466	0.00982
467	0.0104
468	0.01145
469	0.01249
470	0.01354
471	0.01458
472	0.01563
473	0.01667
474	0.0181
475	0.01984
476	0.0216
477	0.02334
478	0.02562
479	0.02823
480	0.03084
481	0.03345
482	0.03607
483	0.03869
484	0.0413
485	0.04391
486	0.05047
487	0.0583
488	0.06666
489	0.07842
490	0.09018
491	0.1042
492	0.1204
493	0.1366
494	0.1528
495	0.169
496	0.18521
497	0.20141
498	0.23512
499	0.26975
500	0.30437
501	0.339
502	0.37362
503	0.41055
504	0.44845
505	0.48634
506	0.52422
507	0.56212
508	0.60181
509	0.64362
510	0.68543
511	0.72724
512	0.76905
513	0.80901
514	0.84211
515	0.87521
516	0.90831
517	0.9402
518	0.96895
519	0.98505
520	0.99216
521	0.99478
522	0.99739
523	1
524	0.99602
525	0.98948
526	0.98257
527	0.97211
528	0.96166
529	0.94376
530	0.91955
531	0.90518
532	0.8908
533	0.87361
534	0.854
535	0.83441
536	0.81601
537	0.79771
538	0.78077
539	0.76705
540	0.75333
541	0.73961
542	0.72589
543	0.71225
544	0.70005
545	0.68786
546	0.67566
547	0.66389
548	0.6554
549	0.64691
550	0.63842
551	0.62992
552	0.62143
553	0.61407
554	0.60688
555	0.5997
556	0.59251
557	0.58533
558	0.57855
559	0.57202
560	0.56548
561	0.55895
562	0.55241
563	0.54598
564	0.53971
565	0.53344
566	0.52716
567	0.52089
568	0.51463
569	0.50835
570	0.50223
571	0.49612
572	0.49003
573	0.48393
574	0.47166
575	0.45859
576	0.44576
577	0.43357
578	0.42137
579	0.40918
580	0.39755
581	0.3871
582	0.37664
583	0.36619
584	0.35574
585	0.34539
586	0.33625
587	0.3271
588	0.31895
589	0.31199
590	0.30501
591	0.29805
592	0.29268
593	0.28876
594	0.28484
595	0.28092
596	0.277
597	0.27272
598	0.26749
599	0.26226
600	0.25704
601	0.25181
602	0.24658
603	0.24136
604	0.23613
605	0.23091
606	0.22567
607	0.22045
608	0.21523
609	0.21017
610	0.20532
611	0.20047
612	0.19561
613	0.19076
614	0.18592
615	0.18106
616	0.17621
617	0.17136
618	0.16685
619	0.16319
620	0.15954
621	0.15587
622	0.15222
623	0.14856
624	0.1449
625	0.14169
626	0.13864
627	0.1356
628	0.13255
629	0.12949
630	0.12645
631	0.1234
632	0.12035
633	0.11768
634	0.11506
635	0.11245
636	0.10984
637	0.10723
638	0.10462
639	0.102
640	0.09939
641	0.09677
642	0.09416
643	0.09155
644	0.08895
645	0.08667
646	0.08438
647	0.0821
648	0.07981
649	0.07753
650	0.07523
651	0.07295
652	0.07066
653	0.06838
654	0.06609
655	0.06426
656	0.06277
657	0.06127
658	0.05978
659	0.05828
660	0.05679
661	0.0553
662	0.05381
663	0.05231
664	0.05098
665	0.04989
666	0.04881
667	0.04771
668	0.04662
669	0.04553
670	0.04444
671	0.04336
672	0.04227
673	0.04118
674	0.04009
675	0.039
676	0.03792
677	0.03683
678	0.03574
679	0.03465
680	0.03374
681	0.03294
682	0.03213
683	0.03133
684	0.03053
685	0.02972
686	0.02892
687	0.02812
688	0.02731
689	0.02651
690	0.0257
691	0.0249
692	0.0241
693	0.02329
694	0.02249
695	0.02169
696	0.02088
697	0.02016
698	0.01951
699	0.01886
700	0.0182
701	0.01755
702	0.0169
703	0.01625
704	0.01559
705	0.01494
706	0.01429
707	0.01368
708	0.01347
709	0.01325
710	0.01303
711	0.01281
712	0.0126
713	0.01238
714	0.01216
715	0.01194
716	0.01173
717	0.01151
718	0.01129
719	0.01107
720	0.01085
721	0.01064
722	0.01042
723	0.01021
724	0.01001
725	0.00981
726	0.00961
727	0.0094
728	0.0092
729	0.009
730	0.0088
731	0.0086
732	0.0084
733	0.0082
734	0.008
735	0.0078
736	0.0076
737	0.0074
738	0.0072
739	0.00699
740	0.00686
741	0.00686
742	0.00686
743	0.00686
744	0.00686
745	0.00686
746	0.00686
747	0.00686
748	0.00686
749	0.00686
750	0.00686
751	0.00686
752	0.00686
753	0.00686
754	0.00686
755	0.00686
756	0.00686
757	0.00678
758	0.00652
759	0.00625
760	0.00599
761	0.00573
762	0.00547
763	0.00521
764	0.00495
765	0.00469
766	0.00443
767	0.00417
768	0.0039
769	0.00364
770	0.00338
771	0.00312
772	0.00286
773	0.0026
774	0.00234
775	0.00208
776	0.00182
777	0.00155
778	0.00129
779	0.00103
780	0
781	0
782	0
783	0
784	0
785	0
786	0
787	0
788	0
789	0
790	0
791	0
792	0
793	0
794	0
795	0
796	0
797	0
798	0
799	0
800	0