368	0.00382000000000000
369	0.00382000000000000
370	0.00382000000000000
371	0.00382000000000000
372	0.00382000000000000
373	0.00382000000000000
374	0.00382000000000000
375	0.00382000000000000
376	0.00382000000000000
377	0.00382000000000000
378	0.00382000000000000
379	0.00382000000000000
380	0.00382000000000000
381	0.00382000000000000
382	0.00382000000000000
383	0.00382000000000000
384	0.00382000000000000
385	0.00382000000000000
386	0.00382000000000000
387	0.00382000000000000
388	0.00382000000000000
389	0.00382000000000000
390	0.00382000000000000
391	0.00382000000000000
392	0.00382000000000000
393	0.00382000000000000
394	0.00382000000000000
395	0.00382000000000000
396	0.00382000000000000
397	0.00393062278630461
398	0.00422799586776860
399	0.00452536894923259
400	0.00482274203069658
401	0.00512011511216057
402	0.00541748819362456
403	0.00571486127508855
404	0.00601223435655254
405	0.00630960743801653
406	0.00660698051948052
407	0.00690435360094451
408	0.00720172668240850
409	0.00749909976387249
410	0.00779647284533648
411	0.00890436028007638
412	0.0101901654996817
413	0.0114759707192871
414	0.0127617759388924
415	0.0140475811584978
416	0.0153333863781031
417	0.0166191915977085
418	0.0179049968173138
419	0.0191908020369192
420	0.0219354391109740
421	0.0269238632505017
422	0.0319122873900294
423	0.0369007115295571
424	0.0418891356690848
425	0.0468775598086125
426	0.0518659839481402
427	0.0648475433231398
428	0.0785716343866802
429	0.0922957254502206
430	0.110195819881053
431	0.128216210705183
432	0.151004180118946
433	0.174474849858356
434	0.195075416430595
435	0.229635719148935
436	0.270012908163265
437	0.307851702127659
438	0.347909863713798
439	0.397859311224490
440	0.427609591836735
441	0.452802335600907
442	0.509460102389079
443	0.569732978723404
444	0.622390853242321
445	0.672967355442177
446	0.708168468085106
447	0.741958112244898
448	0.774865306122448
449	0.809219047619047
450	0.854459422423556
451	0.870473012457531
452	0.911647952421411
453	0.932242684791844
454	0.957316771452846
455	0.970923597146739
456	0.979153896059783
457	0.987384194972826
458	0.992660908319185
459	0.996947835314092
460	0.998203104852393
461	0.994775890736342
462	0.991348676620292
463	0.986392579185520
464	0.979537375565611
465	0.971140231769361
466	0.962010780101753
467	0.955729083969466
468	0.949732476675149
469	0.931948203389830
470	0.925938413237166
471	0.920796283411116
472	0.915655470737914
473	0.910515521628499
474	0.905628286392942
475	0.901515629453682
476	0.897402972514422
477	0.893240021213407
478	0.888959155706407
479	0.884678290199406
480	0.879588167938931
481	0.874448218829517
482	0.868307692960136
483	0.861454427480916
484	0.853053199547767
485	0.839350542679480
486	0.824086779661017
487	0.807915929903901
488	0.794218925946863
489	0.781099129451668
490	0.768538360655738
491	0.755977591859808
492	0.743416823063878
493	0.718294510385757
494	0.706306379821958
495	0.694186542372881
496	0.675926655367232
497	0.652801338983051
498	0.627593033898305
499	0.611229953370072
500	0.597529232725731
501	0.583412214689265
502	0.566299220338983
503	0.549180830977954
504	0.532052509892594
505	0.511935779661016
506	0.495337689959294
507	0.487118558344640
508	0.478899426729987
509	0.464294322033899
510	0.445521940298508
511	0.435928995929444
512	0.426336051560380
513	0.415027682306388
514	0.400188790276993
515	0.387894789687924
516	0.377616635006784
517	0.367338480325644
518	0.357060325644505
519	0.346782170963365
520	0.336504016282225
521	0.327135325644504
522	0.318230983717774
523	0.309326641791044
524	0.301071229855810
525	0.293075753463387
526	0.285080277070964
527	0.276923331071913
528	0.268015597014925
529	0.259107862957937
530	0.250671112996267
531	0.243820078045470
532	0.236969043094672
533	0.229795275657336
534	0.221799799264914
535	0.213804322872491
536	0.205808846480068
537	0.197935640901381
538	0.190104286406591
539	0.182272931911800
540	0.174441577417010
541	0.168862183257918
542	0.164674777526395
543	0.160487371794872
544	0.156299966063348
545	0.152112560331825
546	0.147924562594269
547	0.143735271493213
548	0.139545980392157
549	0.135356689291101
550	0.131167398190045
551	0.126978107088990
552	0.122788815987934
553	0.118599524886878
554	0.114410233785822
555	0.110220942684766
556	0.106031651583710
557	0.102753235869991
558	0.0998541365357003
559	0.0969550372014097
560	0.0940559378671192
561	0.0911568385328287
562	0.0882577391985381
563	0.0853586398642476
564	0.0824832123743638
565	0.0801101540268895
566	0.0777370956794153
567	0.0753640373319410
568	0.0729909789844668
569	0.0706179206369926
570	0.0682448622895183
571	0.0658718039420441
572	0.0638458690909091
573	0.0623767781818182
574	0.0609076872727273
575	0.0594385963636363
576	0.0579695054545454
577	0.0565004145454545
578	0.0550313236363636
579	0.0535622327272727
580	0.0521008455625437
581	0.0506892452830189
582	0.0492776450034941
583	0.0478660447239693
584	0.0464544444444445
585	0.0450428441649197
586	0.0436312438853949
587	0.0422196436058701
588	0.0408080433263453
589	0.0393964430468205
590	0.0380444439481912
591	0.0371422554711925
592	0.0362400669941939
593	0.0353378785171952
594	0.0344356900401965
595	0.0335335015631979
596	0.0326313130861992
597	0.0317291246092005
598	0.0308269361322019
599	0.0299247476552032
600	0.0290225591782045
601	0.0281203707012059
602	0.0276781441549366
603	0.0272748297893581
604	0.0268715154237796
605	0.0264682010582011
606	0.0260648866926225
607	0.0256615723270440
608	0.0252582579614655
609	0.0248549435958870
610	0.0244516292303085
611	0.0240483148647300
612	0.0234282965634281
613	0.0227855303351718
614	0.0221427641069156
615	0.0214999978786593
616	0.0208572316504031
617	0.0202144654221468
618	0.0195716991938906
619	0.0189289329656343
620	0.0182861667373780
621	0.0177575998402556
622	0.0173542452076677
623	0.0169508905750799
624	0.0165475359424920
625	0.0161441813099042
626	0.0157408266773163
627	0.0153374720447284
628	0.0149341174121406
629	0.0145307627795527
630	0.0141274081469649
631	0.0138112177787207
632	0.0135969396414554
633	0.0133826615041901
634	0.0131683833669248
635	0.0129541052296595
636	0.0127398270923942
637	0.0125255489551289
638	0.0123112708178636
639	0.0120969926805983
640	0.0118831436557852
641	0.0116814864729959
642	0.0114798292902066
643	0.0112781721074174
644	0.0110765149246281
645	0.0108748577418389
646	0.0106732005590496
647	0.0104715433762604
648	0.0102698861934711
649	0.0100682290106818
650	0.00987000000000000
651	0.00987000000000000
652	0.00987000000000000
653	0.00987000000000000
654	0.00987000000000000
655	0.00987000000000000
656	0.00987000000000000
657	0.00987000000000000
658	0.00987000000000000
659	0.00987000000000000
660	0.00987000000000000
661	0.00979583348222263
662	0.00961537966767912
663	0.00943492585313562
664	0.00925447203859211
665	0.00907401822404861
666	0.00889356440950510
667	0.00871311059496159
668	0.00853265678041809
669	0.00835220296587458
670	0.00817174915133107
671	0.00799129533678757
672	0.00780350657615613
673	0.00758925116673738
674	0.00737499575731863
675	0.00716074034789988
676	0.00694648493848112
677	0.00673222952906237
678	0.00651797411964362
679	0.00630371871022487
680	0.00608946330080611
681	0.00587520789138736
682	0.00568045827439887
683	0.00549092503536068
684	0.00530139179632249
685	0.00511185855728430
686	0.00492232531824612
687	0.00473279207920792
688	0.00454325884016974
689	0.00435372560113155
690	0.00416419236209336
691	0.00397465912305517