350	0.00411913043478261
351	0.00449680851063829
352	0.00462173913043478
353	0.00445234042553192
354	0.00385659574468084
355	0.00355510638297873
356	0.00403695652173914
357	0.00452425531914894
358	0.00453000000000000
359	0.00411191489361703
360	0.00371086956521740
361	0.00357148936170212
362	0.00368106382978724
363	0.00350260869565216
364	0.00421808510638300
365	0.00488913043478262
366	0.00524659574468085
367	0.00494170212765958
368	0.00456739130434783
369	0.00477826086956524
370	0.00454106382978723
371	0.00464148936170212
372	0.00437869565217391
373	0.00460659574468085
374	0.00458510638297873
375	0.00502956521739130
376	0.00504808510638298
377	0.00516173913043478
378	0.00521085106382979
379	0.00516957446808511
380	0.00508382978723404
381	0.00517086956521739
382	0.00583217391304351
383	0.00605999999999998
384	0.00554739130434782
385	0.00528000000000000
386	0.00523826086956522
387	0.00578434782608696
388	0.00594531914893617
389	0.00522957446808509
390	0.00492413043478260
391	0.00424347826086956
392	0.00462217391304348
393	0.00484173913043478
394	0.00513739130434783
395	0.00539000000000000
396	0.00518851063829787
397	0.00497936170212765
398	0.00541829787234044
399	0.00523723404255319
400	0.00526191489361702
401	0.00476869565217392
402	0.00489739130434783
403	0.00496595744680851
404	0.00533255319148936
405	0.00481130434782608
406	0.00446195652173913
407	0.00417913043478261
408	0.00519510638297873
409	0.00545000000000000
410	0.00574617021276596
411	0.00506553191489363
412	0.00496956521739131
413	0.00474021739130435
414	0.00484021276595744
415	0.00490276595744680
416	0.00488638297872341
417	0.00516173913043478
418	0.00503782608695652
419	0.00510553191489362
420	0.00487869565217392
421	0.00493586956521739
422	0.00433086956521739
423	0.00406739130434781
424	0.00393239130434783
425	0.00440468085106382
426	0.00528565217391305
427	0.00530553191489361
428	0.00559787234042553
429	0.00512391304347827
430	0.00505765957446809
431	0.00472500000000000
432	0.00447319148936170
433	0.00485565217391305
434	0.00525170212765957
435	0.00544434782608696
436	0.00510468085106384
437	0.00471173913043479
438	0.00479130434782608
439	0.00455195652173913
440	0.00453195652173913
441	0.00488217391304348
442	0.00516999999999999
443	0.00558347826086956
444	0.00560065217391304
445	0.00556956521739130
446	0.00546956521739131
447	0.00601304347826087
448	0.00567521739130435
449	0.00567347826086957
450	0.00568212765957447
451	0.00594347826086956
452	0.00605108695652174
453	0.00571173913043478
454	0.00563652173913042
455	0.00603043478260871
456	0.00608304347826088
457	0.00628391304347827
458	0.00612000000000000
459	0.00678739130434782
460	0.00701130434782608
461	0.00749869565217391
462	0.00718152173913043
463	0.00790369565217392
464	0.00760521739130435
465	0.00758630434782609
466	0.00726065217391304
467	0.00783869565217392
468	0.00820826086956522
469	0.00796000000000000
470	0.00784956521739131
471	0.00737500000000000
472	0.00811826086956522
473	0.00883891304347825
474	0.00944130434782607
475	0.00967826086956522
476	0.00990608695652174
477	0.0100556521739130
478	0.0100404347826087
479	0.0101782608695652
480	0.0105221739130435
481	0.0114317391304348
482	0.0120182608695652
483	0.0121269565217391
484	0.0125200000000000
485	0.0132193333333333
486	0.0138543478260869
487	0.0145252173913044
488	0.0152043478260870
489	0.0166956521739130
490	0.0178506521739130
491	0.0193543478260870
492	0.0208200000000000
493	0.0233843478260869
494	0.0257586956521739
495	0.0285882608695653
496	0.0315786956521739
497	0.0352386666666666
498	0.0395791304347827
499	0.0431146666666667
500	0.0468886956521739
501	0.0511862222222222
502	0.0560704347826088
503	0.0612100000000000
504	0.0659304347826086
505	0.0710842222222223
506	0.0760834782608696
507	0.0814653333333333
508	0.0861802173913045
509	0.0907613043478261
510	0.0951680000000000
511	0.0997500000000000
512	0.103780000000000
513	0.106822608695652
514	0.110332608695652
515	0.113360000000000
516	0.117150000000000
517	0.119570869565217
518	0.121906086956522
519	0.123878260869565
520	0.126442000000000
521	0.127951739130435
522	0.129766086956522
523	0.130929130434783
524	0.132870222222222
525	0.133721777777778
526	0.134962444444444
527	0.136501304347826
528	0.138928695652174
529	0.141009565217391
530	0.143103478260869
531	0.145016086956522
532	0.148323913043478
533	0.150733333333333
534	0.154564222222222
535	0.158428478260869
536	0.163639565217391
537	0.168371555555556
538	0.173293111111111
539	0.178897777777778
540	0.186154782608695
541	0.194220869565217
542	0.202835217391304
543	0.211967391304348
544	0.222612173913044
545	0.234270666666666
546	0.245913333333333
547	0.256842666666667
548	0.268180000000000
549	0.280679565217392
550	0.294870000000000
551	0.310316666666667
552	0.325930000000000
553	0.341676304347826
554	0.357511304347827
555	0.375722000000000
556	0.394931956521739
557	0.413558260869565
558	0.432527111111111
559	0.451074444444445
560	0.471345555555555
561	0.492596888888888
562	0.514685000000000
563	0.535762173913044
564	0.557112000000001
565	0.578543333333333
566	0.600855777777778
567	0.623422173913043
568	0.644993333333334
569	0.668004000000001
570	0.688955333333332
571	0.711234782608696
572	0.732783333333333
573	0.754168888888889
574	0.774566888888889
575	0.794881555555556
576	0.814611333333333
577	0.833938000000000
578	0.851402000000000
579	0.867705000000000
580	0.883784444444445
581	0.898045652173913
582	0.912622888888889
583	0.925958913043478
584	0.939240666666666
585	0.950666739130435
586	0.959576222222222
587	0.968432173913044
588	0.974980666666667
589	0.982156086956522
590	0.986863333333333
591	0.991443333333333
592	0.994688913043478
593	0.997937333333333
594	0.998700000000000
595	0.999970000000000
596	0.999805777777778
597	0.999860666666667
598	0.997334666666667
599	0.994353333333333
600	0.990875111111111
601	0.987006666666667
602	0.981376521739130
603	0.973832666666667
604	0.965150222222222
605	0.957362666666667
606	0.949014000000000
607	0.939850000000000
608	0.931258888888889
609	0.922844444444444
610	0.915356666666667
611	0.907116666666666
612	0.897242222222223
613	0.887320000000000
614	0.876310000000000
615	0.866171111111111
616	0.856460000000000
617	0.847583333333333
618	0.837873333333333
619	0.828580000000000
620	0.820434444444444
621	0.812280000000000
622	0.804076666666667
623	0.793974444444445
624	0.784202222222222
625	0.772530000000000
626	0.761546666666667
627	0.751820000000000
628	0.742656666666667
629	0.733646666666666
630	0.723058000000001
631	0.711068222222222
632	0.699897333333334
633	0.688444000000000
634	0.677420888888889
635	0.665140000000000
636	0.652875777777778
637	0.640667777777778
638	0.630050666666667
639	0.619462888888889
640	0.608806000000000
641	0.597677555555555
642	0.585612000000000
643	0.574536666666667
644	0.563540909090909
645	0.552136666666667
646	0.540924444444445
647	0.529519333333334
648	0.518236888888889
649	0.506997045454545
650	0.495836888888889
651	0.485851333333333
652	0.475481777777777
653	0.464267272727273
654	0.453444888888889
655	0.442827333333333
656	0.432882222222223
657	0.422821818181818
658	0.412625555555556
659	0.402525454545455
660	0.392653636363637
661	0.383102222222222
662	0.373413181818182
663	0.363974666666667
664	0.355650000000000
665	0.347720000000000
666	0.339021333333333
667	0.329970000000000
668	0.321118181818182
669	0.312888181818182
670	0.305410444444444
671	0.297046666666667
672	0.289488181818182
673	0.281270454545455
674	0.274618181818182
675	0.267259777777778
676	0.260590000000000
677	0.253487777777778
678	0.246730444444444
679	0.239961818181818
680	0.233508222222222
681	0.227343863636364
682	0.221230909090909
683	0.215164444444445
684	0.209730000000000
685	0.204186363636364
686	0.199709555555556
687	0.194948000000000
688	0.189736666666667
689	0.184445681818182
690	0.178790909090909
691	0.173721555555556
692	0.169102666666667
693	0.165350000000000
694	0.161727500000000
695	0.156765000000000
696	0.152117500000000
697	0.147870000000000
698	0.144119333333333
699	0.139951777777778
700	0.135790000000000
701	0.131580000000000
702	0.128110444444444
703	0.125216000000000
704	0.122164000000000
705	0.118630000000000
706	0.115514000000000
707	0.112436666666667
708	0.109115000000000
709	0.105220000000000
710	0.102265777777778
711	0.0994800000000000
712	0.0967650000000000
713	0.0936900000000000
714	0.0908700000000000
715	0.0879282222222222
716	0.0854028888888889
717	0.0825360000000000
718	0.0804863636363637
719	0.0775411363636364
720	0.0750555555555556
721	0.0724735555555556
722	0.0700454545454545
723	0.0681481818181819
724	0.0660460000000000
725	0.0645206666666667
726	0.0626359090909091
727	0.0606213333333334
728	0.0586325000000001
729	0.0567118181818182
730	0.0553217777777778
731	0.0539086363636363
732	0.0528913636363636
733	0.0513346666666668
734	0.0495020454545455
735	0.0477586666666667
736	0.0461636363636363
737	0.0452022727272727
738	0.0440281818181818
739	0.0430836363636364
740	0.0418840909090909
741	0.0413468181818182
742	0.0402756818181818
743	0.0394080000000000
744	0.0374900000000000
745	0.0362300000000000
746	0.0348886363636364
747	0.0339922727272728
748	0.0330700000000000
749	0.0322427272727273
750	0.0312395454545454
751	0.0308148888888889
752	0.0299995454545455
753	0.0298029545454546
754	0.0287706666666667
755	0.0280254545454545
756	0.0267254545454545
757	0.0262245454545455
758	0.0257811111111111
759	0.0255204545454545
760	0.0244400000000000
761	0.0236895454545455
762	0.0233179545454545
763	0.0232826666666667
764	0.0223031818181818
765	0.0215872727272727
766	0.0210122727272727
767	0.0209581818181819
768	0.0203159090909091
769	0.0193618181818182
770	0.0186668181818182
771	0.0185950000000000
772	0.0184350000000000
773	0.0181986363636364
774	0.0176613636363636
775	0.0172859090909091
776	0.0169090909090909
777	0.0160422727272727
778	0.0151936363636364
779	0.0149331818181818
780	0.0151595454545455
781	0.0149318181818182
782	0.0144331818181818
783	0.0132000000000000
784	0.0126913636363636
785	0.0127040909090909
786	0.0130034090909091
787	0.0128420454545454
788	0.0124679545454545
789	0.0121397727272727
790	0.0121381818181818
791	0.0115809090909091
792	0.0112500000000000
793	0.0109827272727273
794	0.0112327272727273
795	0.0111645454545455
796	0.0109409090909091
797	0.0104146511627907
798	0.00979545454545455
799	0.00986636363636364
800	0.00952750000000000