350	0.00208
351	0.00211
352	0.00214
353	0.00218
354	0.00221
355	0.00225
356	0.00228
357	0.00231
358	0.00235
359	0.00238
360	0.00242
361	0.00245
362	0.00248
363	0.00252
364	0.00255
365	0.00259
366	0.00262
367	0.00265
368	0.00269
369	0.00272
370	0.00276
371	0.00279
372	0.00282
373	0.00286
374	0.00289
375	0.00293
376	0.00296
377	0.00299
378	0.00303
379	0.00306
380	0.0031
381	0.00313
382	0.00316
383	0.0032
384	0.00323
385	0.00327
386	0.0033
387	0.00333
388	0.00337
389	0.0034
390	0.00344
391	0.00347
392	0.0035
393	0.00354
394	0.00357
395	0.00361
396	0.00364
397	0.00367
398	0.00371
399	0.00374
400	0.00378
401	0.00276
402	0.00443
403	0.00207
404	5.58187E-4
405	2.83592E-4
406	5.85337E-4
407	0.00162
408	0
409	2.14882E-4
410	8.01668E-5
411	0.00163
412	0.00268
413	0.00266
414	0.00341
415	0.00125
416	9.21091E-4
417	0.00157
418	0.00125
419	0.00253
420	0.003
421	0.00573
422	0.00706
423	0.00776
424	0.00521
425	0.00675
426	0.00771
427	0.01134
428	0.01507
429	0.01911
430	0.02248
431	0.02663
432	0.03286
433	0.04247
434	0.05475
435	0.06629
436	0.08439
437	0.10952
438	0.14812
439	0.19323
440	0.24807
441	0.31113
442	0.382
443	0.45987
444	0.53895
445	0.61802
446	0.69013
447	0.75443
448	0.81081
449	0.85735
450	0.89425
451	0.92156
452	0.94141
453	0.94964
454	0.95077
455	0.94395
456	0.93265
457	0.91664
458	0.90334
459	0.89017
460	0.87904
461	0.86395
462	0.85056
463	0.83941
464	0.83542
465	0.83237
466	0.83422
467	0.83657
468	0.84695
469	0.85867
470	0.87255
471	0.88821
472	0.9001
473	0.91494
474	0.93239
475	0.9493
476	0.9703
477	0.98407
478	0.99445
479	0.99977
480	1
481	0.99946
482	0.99483
483	0.98835
484	0.97693
485	0.96324
486	0.94857
487	0.92817
488	0.90796
489	0.88444
490	0.86641
491	0.84907
492	0.82774
493	0.80807
494	0.78541
495	0.76824
496	0.74918
497	0.73623
498	0.72462
499	0.71258
500	0.70293
501	0.69102
502	0.68156
503	0.66783
504	0.65681
505	0.64798
506	0.6402
507	0.63649
508	0.62779
509	0.61842
510	0.60678
511	0.59728
512	0.59108
513	0.58411
514	0.57708
515	0.56839
516	0.55917
517	0.54726
518	0.53673
519	0.52872
520	0.51827
521	0.50731
522	0.495
523	0.48576
524	0.47468
525	0.46411
526	0.45219
527	0.43954
528	0.42798
529	0.4172
530	0.4067
531	0.39742
532	0.3856
533	0.37374
534	0.36175
535	0.35079
536	0.34159
537	0.33358
538	0.32755
539	0.32125
540	0.31067
541	0.30331
542	0.29495
543	0.28959
544	0.28481
545	0.27907
546	0.27186
547	0.26645
548	0.26145
549	0.25667
550	0.25007
551	0.24045
552	0.2329
553	0.22563
554	0.22038
555	0.21598
556	0.21199
557	0.20647
558	0.20195
559	0.19666
560	0.19383
561	0.18881
562	0.18291
563	0.1761
564	0.17129
565	0.1649
566	0.16312
567	0.15951
568	0.15557
569	0.1498
570	0.14736
571	0.14147
572	0.13672
573	0.13032
574	0.12531
575	0.12198
576	0.11604
577	0.11271
578	0.11017
579	0.10919
580	0.10768
581	0.10405
582	0.09983
583	0.09632
584	0.09323
585	0.09287
586	0.0927
587	0.08783
588	0.08378
589	0.07795
590	0.07761
591	0.07724
592	0.07461
593	0.0697
594	0.068
595	0.06828
596	0.06732
597	0.06706
598	0.06457
599	0.06077
600	0.05864
601	0.05636
602	0.05647
603	0.05723
604	0.05457
605	0.05214
606	0.0474
607	0.04729
608	0.04684
609	0.04685
610	0.0445
611	0.04221
612	0.0421
613	0.04038
614	0.03906
615	0.03511
616	0.03527
617	0.03263
618	0.03034
619	0.02789
620	0.02862
621	0.03114
622	0.03095
623	0.02918
624	0.02783
625	0.02787
626	0.02858
627	0.02363
628	0.02217
629	0.01993
630	0.02195
631	0.02366
632	0.02451
633	0.02418
634	0.02396
635	0.02153
636	0.01942
637	0.01632
638	0.01493
639	0.01403
640	0.01493
641	0.01408
642	0.01485
643	0.01309
644	0.01326
645	0.01253
646	0.01258
647	0.01261
648	0.01269
649	0.01253
650	0.01324
651	0.0118
652	0.01153
653	0.00869
654	0.00792
655	0.00702
656	0.00794
657	0.00784
658	0.00979
659	0.00769
660	0.00943
661	0.00838
662	0.00773
663	0.0067
664	0.00587
665	0.00456
666	0.00226
667	0.00229
668	0.00411
669	0.00452
670	0.00386
671	0.00339
672	0.00509
673	0.0028
674	0.00244
675	0.00167
676	0.00664
677	0.00537
678	0.00489
679	7.80224E-4
680	3.75768E-4
681	3.75768E-4
682	3.75768E-4
683	3.75768E-4
684	3.75768E-4
685	3.75768E-4
686	3.75768E-4
687	3.75768E-4
688	3.75768E-4
689	3.75768E-4
690	3.75768E-4
691	3.75768E-4
692	3.75768E-4
693	3.75768E-4
694	3.75768E-4
695	3.75768E-4
696	3.75768E-4
697	3.75768E-4
698	3.75768E-4
699	3.75768E-4
700	3.75768E-4
701	3.75768E-4
702	3.75768E-4
703	3.75768E-4
704	3.75768E-4
705	3.75768E-4
706	3.75768E-4
707	3.75768E-4
708	3.75768E-4
709	3.75768E-4
710	3.75768E-4
711	3.75768E-4
712	3.75768E-4
713	3.75768E-4
714	3.75768E-4
715	3.75768E-4
716	3.75768E-4
717	3.75768E-4
718	3.75768E-4
719	3.75768E-4
720	3.75768E-4
721	3.75768E-4
722	3.75768E-4
723	3.75768E-4
724	3.75768E-4
725	3.75768E-4
726	3.75768E-4
727	3.75768E-4
728	3.75768E-4
729	3.75768E-4
730	3.75768E-4
731	3.75768E-4
732	3.75768E-4
733	3.75768E-4
734	3.75768E-4
735	3.75768E-4
736	3.75768E-4
737	3.75768E-4
738	3.75768E-4
739	3.75768E-4
740	3.75768E-4
741	3.75768E-4
742	3.75768E-4
743	3.75768E-4
744	3.75768E-4
745	3.75768E-4
746	3.75768E-4
747	3.75768E-4
748	3.75768E-4
749	3.75768E-4
750	3.75768E-4
751	3.75768E-4
752	3.75768E-4
753	3.75768E-4
754	3.75768E-4
755	3.75768E-4
756	3.75768E-4
757	3.75768E-4
758	3.75768E-4
759	3.75768E-4
760	3.75768E-4
761	3.75768E-4
762	3.75768E-4
763	3.75768E-4
764	3.75768E-4
765	3.75768E-4
766	3.75768E-4
767	3.75768E-4
768	3.75768E-4
769	3.75768E-4
770	3.75768E-4
771	3.75768E-4
772	3.75768E-4
773	3.75768E-4
774	3.75768E-4
775	3.75768E-4
776	3.75768E-4
777	3.75768E-4
778	3.75768E-4
779	3.75768E-4
780	3.75768E-4
781	3.75768E-4
782	3.75768E-4
783	3.75768E-4
784	3.75768E-4
785	3.75768E-4
786	3.75768E-4
787	3.75768E-4
788	3.75768E-4
789	3.75768E-4
790	3.75768E-4
791	3.75768E-4
792	3.75768E-4
793	3.75768E-4
794	3.75768E-4
795	3.75768E-4
796	3.75768E-4
797	3.75768E-4
798	3.75768E-4
799	3.75768E-4
800	3.75768E-4