360	0.0046
361	0.00472
362	0.00489
363	0.00502
364	0.00492
365	0.005
366	0.00522
367	0.00535
368	0.00527
369	0.00588
370	0.00606
371	0.00645
372	0.00614
373	0.00611
374	0.00593
375	0.00589
376	0.00601
377	0.00594
378	0.00589
379	0.00595
380	0.00605
381	0.00647
382	0.00661
383	0.00683
384	0.00687
385	0.00706
386	0.00737
387	0.00761
388	0.00781
389	0.00822
390	0.00835
391	0.00866
392	0.00891
393	0.00944
394	0.01016
395	0.01115
396	0.01231
397	0.01404
398	0.01606
399	0.02031
400	0.02503
401	0.02943
402	0.03418
403	0.03704
404	0.043
405	0.04998
406	0.05745
407	0.06592
408	0.07505
409	0.0847
410	0.09491
411	0.10517
412	0.11596
413	0.12746
414	0.13901
415	0.15112
416	0.16252
417	0.17518
418	0.18797
419	0.20193
420	0.21566
421	0.22975
422	0.24459
423	0.26011
424	0.27648
425	0.29367
426	0.3111
427	0.3289
428	0.34753
429	0.36674
430	0.3867
431	0.40727
432	0.42708
433	0.44847
434	0.46941
435	0.49095
436	0.51107
437	0.53112
438	0.55032
439	0.5695
440	0.58743
441	0.60444
442	0.61901
443	0.63384
444	0.64668
445	0.65847
446	0.66801
447	0.67479
448	0.68094
449	0.68517
450	0.6879
451	0.68879
452	0.68723
453	0.68484
454	0.68191
455	0.67877
456	0.67507
457	0.67038
458	0.66475
459	0.65911
460	0.65317
461	0.64783
462	0.64227
463	0.63721
464	0.6319
465	0.62639
466	0.62039
467	0.61478
468	0.61007
469	0.606
470	0.60145
471	0.59567
472	0.59057
473	0.58505
474	0.57931
475	0.57383
476	0.56779
477	0.56277
478	0.55717
479	0.55184
480	0.54598
481	0.54084
482	0.53464
483	0.53059
484	0.52609
485	0.52289
486	0.51959
487	0.51729
488	0.51589
489	0.51609
490	0.51698
491	0.51879
492	0.52233
493	0.52727
494	0.53419
495	0.54225
496	0.55232
497	0.56408
498	0.57726
499	0.5924
500	0.60911
501	0.62799
502	0.64842
503	0.67037
504	0.69318
505	0.71615
506	0.74023
507	0.76466
508	0.78843
509	0.81183
510	0.8341
511	0.85597
512	0.8768
513	0.89526
514	0.91327
515	0.92932
516	0.94477
517	0.95845
518	0.97047
519	0.98002
520	0.988
521	0.99286
522	0.9968
523	0.99807
524	0.99865
525	0.99991
526	0.99869
527	0.99731
528	0.99341
529	0.99049
530	0.98699
531	0.98257
532	0.97772
533	0.97281
534	0.96891
535	0.96677
536	0.96708
537	0.96693
538	0.96437
539	0.96103
540	0.95885
541	0.95862
542	0.95956
543	0.9607
544	0.96234
545	0.96326
546	0.96398
547	0.96429
548	0.96489
549	0.96553
550	0.96536
551	0.96372
552	0.96075
553	0.95761
554	0.95409
555	0.95037
556	0.94597
557	0.94104
558	0.93431
559	0.92689
560	0.91856
561	0.91028
562	0.90185
563	0.89193
564	0.88181
565	0.87048
566	0.86037
567	0.84804
568	0.83583
569	0.82214
570	0.81094
571	0.79914
572	0.78802
573	0.77586
574	0.76405
575	0.75181
576	0.73922
577	0.72699
578	0.71505
579	0.70344
580	0.69235
581	0.68152
582	0.67084
583	0.6605
584	0.65036
585	0.64117
586	0.63157
587	0.62216
588	0.61164
589	0.60173
590	0.59299
591	0.58409
592	0.57638
593	0.5678
594	0.55992
595	0.55157
596	0.54392
597	0.53512
598	0.52801
599	0.5198
600	0.51236
601	0.50387
602	0.49568
603	0.48649
604	0.47791
605	0.46925
606	0.46089
607	0.45265
608	0.44403
609	0.43602
610	0.42768
611	0.4195
612	0.41097
613	0.40372
614	0.39492
615	0.38715
616	0.37939
617	0.37248
618	0.36529
619	0.35772
620	0.35103
621	0.34499
622	0.3382
623	0.33101
624	0.32436
625	0.31793
626	0.31143
627	0.30483
628	0.29874
629	0.29293
630	0.28778
631	0.2818
632	0.27617
633	0.26999
634	0.26464
635	0.25903
636	0.25363
637	0.24821
638	0.24357
639	0.23852
640	0.23421
641	0.22919
642	0.22464
643	0.21987
644	0.21561
645	0.21132
646	0.20705
647	0.20224
648	0.19779
649	0.19394
650	0.19025
651	0.18696
652	0.18311
653	0.17965
654	0.17598
655	0.17263
656	0.16899
657	0.16572
658	0.16218
659	0.15899
660	0.15564
661	0.15226
662	0.14919
663	0.14602
664	0.14292
665	0.13972
666	0.13696
667	0.13391
668	0.13116
669	0.12857
670	0.12621
671	0.12346
672	0.12023
673	0.11737
674	0.11494
675	0.11266
676	0.11028
677	0.1078
678	0.10566
679	0.10372
680	0.10163
681	0.09897
682	0.09654
683	0.0942
684	0.09258
685	0.09058
686	0.08875
687	0.08681
688	0.08499
689	0.08335
690	0.08185
691	0.07996
692	0.07813
693	0.07609
694	0.07451
695	0.07286
696	0.07154
697	0.07048
698	0.0691
699	0.06731
700	0.06563
701	0.06394
702	0.06314
703	0.06169
704	0.0609
705	0.05941
706	0.05787
707	0.05636
708	0.0552
709	0.05422
710	0.05307
711	0.052
712	0.051
713	0.05032
714	0.04904
715	0.04794
716	0.04667
717	0.04604
718	0.04501
719	0.04409
720	0.04273
721	0.04481
722	0.044
723	0.0435
724	0.04036
725	0.03919
726	0.03811
727	0.03743
728	0.0362
729	0.03519
730	0.03437
731	0.03386
732	0.03341
733	0.03269
734	0.03205
735	0.03133
736	0.03069
737	0.02993
738	0.02925
739	0.02877
740	0.0281
741	0.0275
742	0.02706
743	0.02667
744	0.02647
745	0.02594
746	0.0252
747	0.02433
748	0.02352
749	0.02299
750	0.02254
751	0.02217
752	0.02169
753	0.02116
754	0.02053
755	0.02
756	0.0197
757	0.01927
758	0.01886
759	0.01856
760	0.0183
761	0.01801
762	0.01748
763	0.01686
764	0.01656
765	0.0162
766	0.01607
767	0.01561
768	0.01528
769	0.01497
770	0.01468
771	0.01406
772	0.0136
773	0.01318
774	0.01309
775	0.01294
776	0.01295
777	0.01295
778	0.01264
779	0.01223
780	0.01177
781	0.01176
782	0.01138
783	0.011
784	0.0107
785	0.01055
786	0.01048
787	0.01005
788	0.00977
789	0.00952
790	0.00945
791	0.00945
792	0.00917
793	0.00886
794	0.00875
795	0.00868
796	0.00852
797	0.00821
798	0.00788
799	0.00794
800	0.00788
801	0.00776
802	0.00748
803	0.00729
804	0.00722
805	0.00698
806	0.00687
807	0.00665
808	0.00661
809	0.00624
810	0.00616
811	0.00596
812	0.00582
813	0.00572
814	0.0057
815	0.00582
816	0.00558
817	0.0052
818	0.0051
819	0.00514
820	0.00517
821	0.00484
822	0.00458
823	0.00474
824	0.00463
825	0.00477
826	0.00459
827	0.00467
828	0.00454
829	0.00443
830	0.00435