360	0.00188
361	0.0016
362	0.00153
363	0.00168
364	0.00197
365	0.00228
366	0.00249
367	0.00187
368	0.00191
369	0.00148
370	0.0016
371	0.00157
372	0.00137
373	0.00104
374	7.19096E-4
375	0.00109
376	0.00116
377	0.00118
378	0.00102
379	0.00134
380	0.00143
381	0.00165
382	0.00141
383	0.00129
384	0.00133
385	0.00183
386	0.0018
387	0.00173
388	0.00146
389	0.00136
390	0.00103
391	9.97745E-4
392	8.87041E-4
393	0.00113
394	9.75903E-4
395	0.00133
396	0.00145
397	0.00147
398	0.00128
399	0.00146
400	0.00136
401	0.00148
402	0.00153
403	0.00133
404	0.00133
405	8.26325E-4
406	0.0012
407	0.00124
408	0.00179
409	0.00154
410	0.00118
411	9.9863E-4
412	0.00112
413	0.00137
414	0.00137
415	0.00131
416	0.00179
417	0.00204
418	0.00295
419	0.00356
420	0.00497
421	0.00589
422	0.00675
423	0.00782
424	0.00882
425	0.01053
426	0.01216
427	0.01377
428	0.01555
429	0.01729
430	0.01936
431	0.02177
432	0.02454
433	0.02753
434	0.03046
435	0.03449
436	0.03894
437	0.04412
438	0.05051
439	0.05815
440	0.06764
441	0.07909
442	0.09363
443	0.11242
444	0.13679
445	0.16833
446	0.20916
447	0.2573
448	0.31402
449	0.37885
450	0.45099
451	0.52844
452	0.60753
453	0.68469
454	0.75627
455	0.81977
456	0.87503
457	0.92103
458	0.95714
459	0.98157
460	0.99594
461	0.99966
462	0.99537
463	0.98241
464	0.96376
465	0.93954
466	0.91052
467	0.87896
468	0.84711
469	0.8128
470	0.78051
471	0.74658
472	0.71662
473	0.68958
474	0.66427
475	0.64224
476	0.62233
477	0.6063
478	0.59198
479	0.58092
480	0.57085
481	0.56378
482	0.5579
483	0.5542
484	0.55005
485	0.5447
486	0.53727
487	0.5311
488	0.52557
489	0.51841
490	0.50997
491	0.49967
492	0.4892
493	0.47673
494	0.46311
495	0.44908
496	0.43532
497	0.42118
498	0.40775
499	0.39341
500	0.37871
501	0.3646
502	0.35067
503	0.33675
504	0.3227
505	0.30952
506	0.2977
507	0.28602
508	0.27458
509	0.26372
510	0.25438
511	0.24582
512	0.23793
513	0.22999
514	0.22263
515	0.2157
516	0.20962
517	0.2042
518	0.19881
519	0.19339
520	0.18766
521	0.18251
522	0.17707
523	0.17244
524	0.16715
525	0.16282
526	0.15804
527	0.15371
528	0.14903
529	0.1443
530	0.13974
531	0.13499
532	0.13067
533	0.12618
534	0.12232
535	0.11873
536	0.11559
537	0.11169
538	0.1077
539	0.1034
540	0.10023
541	0.09704
542	0.09348
543	0.09044
544	0.08746
545	0.08452
546	0.0815
547	0.07851
548	0.0761
549	0.07349
550	0.0712
551	0.06855
552	0.06638
553	0.06417
554	0.06252
555	0.06047
556	0.05885
557	0.05687
558	0.05517
559	0.05346
560	0.05173
561	0.04987
562	0.04792
563	0.0464
564	0.0451
565	0.04399
566	0.04286
567	0.04149
568	0.03991
569	0.03838
570	0.03711
571	0.03629
572	0.03551
573	0.03462
574	0.03346
575	0.03267
576	0.03204
577	0.03113
578	0.02996
579	0.02866
580	0.02773
581	0.02667
582	0.02592
583	0.0252
584	0.02473
585	0.02403
586	0.02336
587	0.02318
588	0.02223
589	0.02177
590	0.02105
591	0.02073
592	0.0206
593	0.02011
594	0.0195
595	0.01897
596	0.01837
597	0.018
598	0.01769
599	0.01723
600	0.01644
601	0.01614
602	0.01584
603	0.01593
604	0.01562
605	0.01515
606	0.01499
607	0.01461
608	0.01407
609	0.01318
610	0.01251
611	0.01225
612	0.01249
613	0.01234
614	0.01176
615	0.01144
616	0.01118
617	0.01116
618	0.01084
619	0.01028
620	0.0102
621	0.01009
622	0.01009
623	0.00976
624	0.00941
625	0.00878
626	0.00855
627	0.00844
628	0.00865
629	0.00861
630	0.00873
631	0.00854
632	0.00817
633	0.00782
634	0.00796
635	0.00778
636	0.00757
637	0.00706
638	0.00674
639	0.00699
640	0.00689
641	0.00683
642	0.00636
643	0.00613
644	0.00609
645	0.00589
646	0.00588
647	0.00588
648	0.00586
649	0.00579
650	0.00548
651	0.00538
652	0.00538
653	0.00545
654	0.00529
655	0.00516
656	0.00523
657	0.00502
658	0.00487
659	0.00428
660	0.00417
661	0.00421
662	0.00445
663	0.0042
664	0.0037
665	0.0031
666	0.00303
667	0.00342
668	0.00381
669	0.00405
670	0.00389
671	0.00389
672	0.00396
673	0.00413
674	0.00353
675	0.00302
676	0.00259
677	0.00301
678	0.00311
679	0.00351
680	0.00346
681	0.00355
682	0.00334
683	0.003
684	0.00301
685	0.00271
686	0.00257
687	0.00219
688	0.00249
689	0.00254
690	0.00247
691	0.00227
692	0.0026
693	0.00264
694	0.00234
695	0.00238
696	0.00238
697	0.00255
698	0.00267
699	0.00229
700	0.00208
701	0.00164
702	0.00208
703	0.00223
704	0.00197
705	0.0018
706	0.0018
707	0.00172
708	0.00172
709	0.00179
710	0.00197
711	0.0017
712	0.00148
713	0.00124
714	0.00122
715	9.96097E-4
716	9.47795E-4
717	0.00132
718	0.00161
719	0.00208
720	0.00214
721	0.00545
722	0.0047
723	0.00441
724	0.00147
725	7.56658E-4
726	0.00108
727	0.00113
728	0.00137
729	0.00111
730	0.00143
731	0.00152
732	0.00172
733	0.00194
734	0.00202
735	0.00155
736	9.43521E-4
737	7.82068E-4
738	0.00105
739	0.00148
740	0.00174
741	0.00156
742	0.00125
743	0.00109
744	0.0012
745	9.84857E-4
746	6.77247E-4
747	8.67265E-4
748	0.00113
749	0.00109
750	0.00106
751	9.68239E-4
752	0.00117
753	9.27822E-4
754	9.80309E-4
755	0.00117
756	0.00141
757	0.00142
758	0.00118
759	0.00102
760	8.54412E-4
761	8.58749E-4
762	9.38131E-4
763	0.00113
764	0.00115
765	0.00109
766	7.54909E-4
767	0.0012
768	8.82177E-4
769	8.17707E-4
770	7.65375E-4
771	9.01293E-4
772	0.0013
773	0.00116
774	0.00131
775	0.0012
776	8.97246E-4
777	5.50113E-4
778	2.83803E-4
779	5.2213E-4
780	5.73202E-4
781	3.59684E-4
782	6.07629E-4
783	8.83994E-4
784	0.00101
785	5.55516E-4
786	4.88805E-4
787	9.34593E-4
788	0.00121
789	0.00116
790	0.001
791	7.22081E-4
792	8.50148E-4
793	0.00107
794	0.00106
795	6.69022E-4
796	4.48684E-4
797	7.58483E-4
798	0.00112
799	0.00114
800	5.86975E-4
801	8.6976E-4
802	7.2013E-4
803	0.0013
804	7.14667E-4
805	7.17635E-4
806	4.66213E-4
807	6.68271E-4
808	8.48016E-4
809	8.24452E-4
810	8.87713E-4
811	6.10827E-4
812	3.06819E-4
813	2.90229E-4
814	2.53433E-4
815	2.14269E-4
816	1.29206E-4
817	3.10368E-4
818	6.44407E-4
819	8.73503E-4
820	0.00112
821	0.00117
822	9.2397E-4
823	7.68477E-4
824	5.37611E-4
825	5.31062E-4
826	1.94669E-4
827	3.2608E-4
828	1.42979E-4
829	3.12913E-4
830	1.15517E-4