360	0.00199
361	0.00189
362	0.0017
363	0.00261
364	0.00262
365	0.00315
366	0.00312
367	0.00298
368	0.00281
369	0.00228
370	0.00249
371	0.00213
372	0.00231
373	0.00139
374	9.52784E-4
375	7.45075E-4
376	0.0011
377	0.00153
378	0.00198
379	0.00198
380	0.00163
381	0.00156
382	0.00199
383	0.00206
384	0.00237
385	0.00269
386	0.00222
387	0.00207
388	0.00176
389	0.00197
390	0.00134
391	9.1432E-4
392	7.99773E-4
393	0.00149
394	0.00167
395	0.00234
396	0.00202
397	0.00235
398	0.00236
399	0.00212
400	0.00248
401	0.00198
402	0.00268
403	0.00235
404	0.0019
405	8.94216E-4
406	7.01712E-4
407	0.00109
408	0.00212
409	0.00237
410	0.00169
411	0.00164
412	0.0013
413	0.00178
414	0.00253
415	0.00316
416	0.00386
417	0.00386
418	0.00467
419	0.0064
420	0.00846
421	0.0094
422	0.01011
423	0.01086
424	0.0121
425	0.0135
426	0.01523
427	0.01698
428	0.01905
429	0.02054
430	0.02339
431	0.02582
432	0.02931
433	0.03263
434	0.03767
435	0.04273
436	0.04983
437	0.05729
438	0.0676
439	0.08027
440	0.09754
441	0.11997
442	0.14944
443	0.18675
444	0.2343
445	0.29445
446	0.36574
447	0.44617
448	0.53469
449	0.62583
450	0.71616
451	0.7979
452	0.86927
453	0.92483
454	0.96624
455	0.99051
456	0.99984
457	0.99596
458	0.98036
459	0.95809
460	0.92964
461	0.89737
462	0.8606
463	0.82168
464	0.78262
465	0.74551
466	0.71246
467	0.68092
468	0.65261
469	0.62622
470	0.60471
471	0.5854
472	0.57167
473	0.56046
474	0.55326
475	0.54773
476	0.54651
477	0.5458
478	0.54696
479	0.54781
480	0.5481
481	0.54928
482	0.54969
483	0.54899
484	0.54685
485	0.54189
486	0.53501
487	0.5275
488	0.51843
489	0.50806
490	0.49527
491	0.48043
492	0.46551
493	0.45027
494	0.43471
495	0.41933
496	0.40553
497	0.39261
498	0.37943
499	0.36715
500	0.35446
501	0.34427
502	0.33371
503	0.32345
504	0.31274
505	0.30286
506	0.2949
507	0.28625
508	0.27906
509	0.27279
510	0.26788
511	0.26267
512	0.25647
513	0.25187
514	0.24701
515	0.24406
516	0.23944
517	0.23523
518	0.23108
519	0.22677
520	0.22219
521	0.21738
522	0.21372
523	0.20932
524	0.20503
525	0.20022
526	0.19538
527	0.19011
528	0.18546
529	0.1796
530	0.17517
531	0.17032
532	0.1666
533	0.16221
534	0.15765
535	0.15385
536	0.15127
537	0.14703
538	0.14271
539	0.13709
540	0.13412
541	0.12999
542	0.12788
543	0.12427
544	0.12161
545	0.11804
546	0.11504
547	0.11176
548	0.10881
549	0.10605
550	0.10369
551	0.10084
552	0.0985
553	0.09604
554	0.09409
555	0.09175
556	0.08961
557	0.08774
558	0.08635
559	0.08481
560	0.08371
561	0.08106
562	0.07813
563	0.07585
564	0.0745
565	0.07294
566	0.0712
567	0.0684
568	0.06704
569	0.06483
570	0.0638
571	0.06287
572	0.06164
573	0.06014
574	0.05846
575	0.05699
576	0.05544
577	0.05378
578	0.05212
579	0.05046
580	0.04954
581	0.04804
582	0.04774
583	0.0466
584	0.04617
585	0.04448
586	0.04395
587	0.04342
588	0.04192
589	0.04036
590	0.03903
591	0.03876
592	0.03849
593	0.03744
594	0.03573
595	0.0355
596	0.03538
597	0.03535
598	0.03439
599	0.03366
600	0.03293
601	0.033
602	0.03252
603	0.0317
604	0.03069
605	0.02968
606	0.02969
607	0.02883
608	0.02791
609	0.02644
610	0.02614
611	0.02646
612	0.02687
613	0.02626
614	0.02504
615	0.02444
616	0.02407
617	0.02422
618	0.02424
619	0.02313
620	0.02235
621	0.02178
622	0.02215
623	0.02182
624	0.02104
625	0.02073
626	0.01998
627	0.01936
628	0.01921
629	0.01941
630	0.01957
631	0.01822
632	0.01675
633	0.01612
634	0.01597
635	0.01624
636	0.01568
637	0.01506
638	0.01441
639	0.01475
640	0.01451
641	0.01477
642	0.01398
643	0.01387
644	0.01424
645	0.01415
646	0.01437
647	0.01394
648	0.01358
649	0.01295
650	0.01235
651	0.01128
652	0.01099
653	0.01037
654	0.0108
655	0.01057
656	0.0109
657	0.01018
658	0.00986
659	0.00929
660	0.00912
661	0.00941
662	0.00931
663	0.00904
664	0.00844
665	0.00772
666	0.00768
667	0.00791
668	0.00843
669	0.00825
670	0.00817
671	0.00794
672	0.00757
673	0.00768
674	0.00677
675	0.00638
676	0.00654
677	0.00669
678	0.00746
679	0.00678
680	0.00691
681	0.0061
682	0.00612
683	0.00538
684	0.00589
685	0.00574
686	0.00608
687	0.00532
688	0.00501
689	0.00523
690	0.0047
691	0.00484
692	0.00502
693	0.00554
694	0.00507
695	0.00547
696	0.00515
697	0.00547
698	0.00541
699	0.0051
700	0.00465
701	0.00404
702	0.00413
703	0.00442
704	0.00396
705	0.00397
706	0.00392
707	0.00374
708	0.00374
709	0.00365
710	0.00343
711	0.00402
712	0.00391
713	0.00393
714	0.00344
715	0.00314
716	0.00315
717	0.00308
718	0.00318
719	0.00295
720	0.00292
721	0.00928
722	0.00844
723	0.00826
724	0.00258
725	0.0023
726	0.00245
727	0.00294
728	0.00275
729	0.00221
730	0.00222
731	0.00174
732	0.00189
733	0.00253
734	0.00336
735	0.00367
736	0.00255
737	0.00194
738	0.00173
739	0.00208
740	0.00202
741	0.00153
742	0.00155
743	0.0017
744	0.00213
745	0.00244
746	0.00224
747	0.00209
748	0.00199
749	0.00208
750	0.00222
751	0.00194
752	0.00182
753	0.00142
754	0.00167
755	0.00219
756	0.00254
757	0.00265
758	0.00221
759	0.00256
760	0.00138
761	6.8889E-4
762	8.42524E-4
763	0.00131
764	0.00183
765	0.00135
766	0.00145
767	0.00152
768	0.00127
769	9.15735E-4
770	0.00122
771	0.00128
772	0.0014
773	0.0014
774	0.00225
775	0.00247
776	0.002
777	0.00121
778	0.00112
779	9.8323E-4
780	6.15766E-4
781	3.3132E-4
782	6.3973E-4
783	0.00102
784	8.40633E-4
785	6.94144E-4
786	7.27496E-4
787	0.00159
788	0.00187
789	0.00231
790	0.00177
791	0.00101
792	8.05808E-4
793	7.31322E-4
794	0.00102
795	5.13952E-4
796	9.82746E-4
797	0.00135
798	0.00176
799	0.0019
800	0.00169
801	0.00202
802	0.0014
803	0.00143
804	5.44358E-5
805	1.7762E-4
806	-1.91163E-4
807	9.01708E-4
808	6.54417E-4
809	0.00135
810	6.6398E-4
811	6.64662E-4
812	-2.92493E-4
813	-1.0155E-4
814	-6.05257E-5
815	1.01572E-5
816	2.94604E-6
817	-5.58429E-5
818	2.15984E-4
819	7.92617E-4
820	0.00148
821	0.00177
822	0.00117
823	7.04565E-4
824	5.62034E-4
825	5.31596E-4
826	5.35806E-4
827	3.46358E-4
828	3.59615E-4
829	2.71602E-4
830	5.98266E-4