400	0.00263
401	0.00253
402	0.0023
403	0.00302
404	0.00323
405	0.00332
406	0.00338
407	0.00339
408	0.00352
409	0.00339
410	0.00327
411	0.00313
412	0.00319
413	0.00313
414	0.00335
415	0.00347
416	0.00374
417	0.00374
418	0.00372
419	0.0038
420	0.00403
421	0.00407
422	0.00435
423	0.00455
424	0.0048
425	0.00505
426	0.0052
427	0.00553
428	0.0057
429	0.00601
430	0.00628
431	0.00651
432	0.00698
433	0.00742
434	0.00804
435	0.00831
436	0.00876
437	0.00899
438	0.00947
439	0.00968
440	0.01021
441	0.0108
442	0.0116
443	0.01217
444	0.01284
445	0.01335
446	0.01422
447	0.01494
448	0.01581
449	0.01665
450	0.01728
451	0.01807
452	0.01881
453	0.01956
454	0.02017
455	0.02053
456	0.02124
457	0.02195
458	0.02278
459	0.02348
460	0.02402
461	0.02481
462	0.0255
463	0.02611
464	0.02656
465	0.02723
466	0.02782
467	0.0284
468	0.02908
469	0.02996
470	0.03105
471	0.03211
472	0.03357
473	0.03496
474	0.03686
475	0.03863
476	0.04103
477	0.04359
478	0.04678
479	0.05046
480	0.05478
481	0.05996
482	0.0659
483	0.0731
484	0.08111
485	0.09032
486	0.10141
487	0.11375
488	0.12855
489	0.14505
490	0.16372
491	0.18466
492	0.20849
493	0.23478
494	0.2635
495	0.29532
496	0.32962
497	0.36669
498	0.40499
499	0.44611
500	0.48825
501	0.53247
502	0.57613
503	0.62039
504	0.66413
505	0.70714
506	0.74745
507	0.78557
508	0.82186
509	0.85668
510	0.88817
511	0.91467
512	0.93654
513	0.95445
514	0.97019
515	0.98277
516	0.99242
517	0.99786
518	0.99938
519	0.99722
520	0.99258
521	0.98566
522	0.97741
523	0.96785
524	0.95629
525	0.94382
526	0.93041
527	0.91652
528	0.90257
529	0.88815
530	0.87389
531	0.86003
532	0.84556
533	0.83169
534	0.81818
535	0.80699
536	0.79633
537	0.78622
538	0.77449
539	0.76315
540	0.75174
541	0.74169
542	0.7319
543	0.7229
544	0.71389
545	0.7046
546	0.69457
547	0.68494
548	0.67416
549	0.66397
550	0.65337
551	0.64334
552	0.63178
553	0.62024
554	0.60798
555	0.59619
556	0.58398
557	0.57241
558	0.55931
559	0.54676
560	0.53336
561	0.52057
562	0.50732
563	0.49438
564	0.48109
565	0.46771
566	0.45439
567	0.44096
568	0.42873
569	0.41652
570	0.40489
571	0.39278
572	0.38086
573	0.36976
574	0.35922
575	0.34912
576	0.33847
577	0.32787
578	0.31765
579	0.308
580	0.29893
581	0.29033
582	0.2818
583	0.27377
584	0.26532
585	0.25795
586	0.25057
587	0.24347
588	0.23647
589	0.22949
590	0.22295
591	0.2164
592	0.2106
593	0.20466
594	0.19908
595	0.19319
596	0.18765
597	0.18228
598	0.17767
599	0.17259
600	0.16774
601	0.1625
602	0.15773
603	0.15284
604	0.14824
605	0.14386
606	0.13957
607	0.13585
608	0.13146
609	0.12714
610	0.12316
611	0.11941
612	0.11614
613	0.11245
614	0.10889
615	0.10537
616	0.10192
617	0.09877
618	0.0957
619	0.09276
620	0.08995
621	0.08741
622	0.08505
623	0.08226
624	0.07979
625	0.07732
626	0.07513
627	0.0726
628	0.07027
629	0.06804
630	0.06614
631	0.06418
632	0.06218
633	0.0603
634	0.05865
635	0.05714
636	0.05572
637	0.05417
638	0.05244
639	0.05106
640	0.04926
641	0.04775
642	0.04602
643	0.04441
644	0.04301
645	0.04178
646	0.04082
647	0.03993
648	0.03883
649	0.0379
650	0.03685
651	0.03575
652	0.0346
653	0.0336
654	0.03245
655	0.03142
656	0.03044
657	0.02957
658	0.02892
659	0.02808
660	0.02754
661	0.02677
662	0.02593
663	0.02508
664	0.0246
665	0.0241
666	0.02348
667	0.02269
668	0.02182
669	0.02128
670	0.02076
671	0.02042
672	0.01982
673	0.0193
674	0.01875
675	0.01832
676	0.01777
677	0.01728
678	0.01697
679	0.01663
680	0.01633
681	0.01573
682	0.01532
683	0.01491
684	0.01477
685	0.01459
686	0.01419
687	0.01376
688	0.01316
689	0.01286
690	0.01253
691	0.01242
692	0.01233
693	0.01219
694	0.01178
695	0.01137
696	0.01103
697	0.01089
698	0.01065
699	0.01034
700	0.01021
701	0.01002
702	0.00989
703	0.00971
704	0.00951
705	0.00942
706	0.0089
707	0.00848
708	0.0081
709	0.00796
710	0.00811
711	0.00801
712	0.00791
713	0.00761
714	0.00748
715	0.00729
716	0.00712
717	0.00686
718	0.0067
719	0.00657
720	0.00646
721	0.00649
722	0.00625
723	0.00619
724	0.00576
725	0.0056
726	0.00542
727	0.00543
728	0.00552
729	0.00539
730	0.00517
731	0.00491
732	0.00475
733	0.00489
734	0.00504
735	0.00498
736	0.00491
737	0.00481
738	0.00467
739	0.00442
740	0.00411
741	0.00407
742	0.00418
743	0.00438
744	0.00437
745	0.00432
746	0.00404
747	0.00403
748	0.00382
749	0.00372
750	0.0034
751	0.00328
752	0.00322
753	0.00329
754	0.00338
755	0.00327
756	0.00332
757	0.00315
758	0.00318
759	0.00302
760	0.00307
761	0.00299
762	0.00289
763	0.00279
764	0.00274
765	0.00268
766	0.00254
767	0.00245
768	0.00227
769	0.00224
770	0.00224
771	0.00265
772	0.00262
773	0.00236
774	0.00222
775	0.00215
776	0.00229
777	0.00213
778	0.00203
779	0.00201
780	0.00202
781	0.00226
782	0.00217
783	0.00205
784	0.0019
785	0.00188
786	0.00184
787	0.00164
788	0.00172
789	0.00174
790	0.00177
791	0.00164
792	0.00157
793	0.00156
794	0.00156
795	0.00148
796	0.00154
797	0.00138
798	0.00138
799	0.00128
800	0.00131