400	0.00373
401	0.0037
402	0.00356
403	0.00356
404	0.00364
405	0.00382
406	0.0038
407	0.00375
408	0.00361
409	0.00354
410	0.0035
411	0.00329
412	0.00332
413	0.0033
414	0.00362
415	0.00371
416	0.00371
417	0.00356
418	0.00352
419	0.0037
420	0.00382
421	0.00362
422	0.0036
423	0.00366
424	0.00396
425	0.0042
426	0.00426
427	0.00437
428	0.00423
429	0.00416
430	0.00429
431	0.00433
432	0.00465
433	0.00467
434	0.00485
435	0.00472
436	0.00477
437	0.00472
438	0.00451
439	0.00456
440	0.00457
441	0.00482
442	0.00471
443	0.00498
444	0.00523
445	0.00548
446	0.00561
447	0.0055
448	0.00557
449	0.00577
450	0.0057
451	0.00569
452	0.00566
453	0.00571
454	0.00591
455	0.00589
456	0.00591
457	0.00581
458	0.00584
459	0.00593
460	0.00604
461	0.00624
462	0.00617
463	0.0062
464	0.00618
465	0.00634
466	0.00645
467	0.00651
468	0.00663
469	0.00682
470	0.0074
471	0.00768
472	0.00825
473	0.00876
474	0.00935
475	0.00998
476	0.01066
477	0.01158
478	0.01269
479	0.01433
480	0.01628
481	0.01872
482	0.02133
483	0.02492
484	0.02909
485	0.03368
486	0.03913
487	0.04566
488	0.05358
489	0.06289
490	0.07342
491	0.08559
492	0.09998
493	0.11574
494	0.13393
495	0.15424
496	0.17704
497	0.20234
498	0.22954
499	0.25945
500	0.29128
501	0.32548
502	0.36112
503	0.39869
504	0.43758
505	0.47788
506	0.51809
507	0.55926
508	0.59949
509	0.63964
510	0.67816
511	0.71503
512	0.75096
513	0.78381
514	0.81603
515	0.84557
516	0.87364
517	0.89816
518	0.92025
519	0.93913
520	0.95489
521	0.9681
522	0.97792
523	0.98624
524	0.99286
525	0.99724
526	0.99935
527	0.99982
528	0.99907
529	0.99712
530	0.99454
531	0.99153
532	0.98788
533	0.98289
534	0.97734
535	0.97295
536	0.96962
537	0.96664
538	0.96193
539	0.95555
540	0.9493
541	0.94324
542	0.93759
543	0.93124
544	0.92572
545	0.91894
546	0.91237
547	0.9047
548	0.89766
549	0.88975
550	0.88164
551	0.87311
552	0.8647
553	0.85657
554	0.8472
555	0.83654
556	0.82518
557	0.81334
558	0.80229
559	0.79004
560	0.77809
561	0.7648
562	0.75167
563	0.73825
564	0.72463
565	0.71006
566	0.69658
567	0.68154
568	0.66711
569	0.65233
570	0.63861
571	0.62548
572	0.61194
573	0.59781
574	0.58416
575	0.5703
576	0.55751
577	0.54374
578	0.5301
579	0.51708
580	0.50452
581	0.49227
582	0.47987
583	0.46794
584	0.45606
585	0.44509
586	0.4344
587	0.42406
588	0.41294
589	0.40219
590	0.39205
591	0.38288
592	0.3741
593	0.36485
594	0.35608
595	0.34714
596	0.33876
597	0.33006
598	0.32176
599	0.31342
600	0.30586
601	0.29784
602	0.29017
603	0.28202
604	0.27481
605	0.26718
606	0.26022
607	0.25337
608	0.24687
609	0.24037
610	0.23362
611	0.22706
612	0.22133
613	0.21525
614	0.20927
615	0.20342
616	0.19797
617	0.19276
618	0.18752
619	0.18233
620	0.17765
621	0.17349
622	0.16914
623	0.1648
624	0.16021
625	0.15626
626	0.15213
627	0.14766
628	0.14343
629	0.13941
630	0.13591
631	0.13245
632	0.12891
633	0.12533
634	0.12185
635	0.11861
636	0.11554
637	0.11237
638	0.10926
639	0.1066
640	0.10344
641	0.10067
642	0.09755
643	0.09445
644	0.09182
645	0.08919
646	0.08687
647	0.08427
648	0.08224
649	0.0805
650	0.07877
651	0.07637
652	0.07404
653	0.07162
654	0.06979
655	0.06795
656	0.06627
657	0.06436
658	0.06268
659	0.06083
660	0.05952
661	0.05797
662	0.05647
663	0.05473
664	0.05327
665	0.05186
666	0.05047
667	0.04907
668	0.04758
669	0.04653
670	0.04536
671	0.04421
672	0.043
673	0.04193
674	0.04088
675	0.0398
676	0.03867
677	0.03768
678	0.0369
679	0.03633
680	0.03541
681	0.0343
682	0.03315
683	0.03226
684	0.03142
685	0.03066
686	0.0301
687	0.02947
688	0.02869
689	0.02775
690	0.02694
691	0.02647
692	0.02582
693	0.02553
694	0.02482
695	0.02452
696	0.02366
697	0.02337
698	0.02253
699	0.02211
700	0.02149
701	0.02114
702	0.02057
703	0.02016
704	0.01969
705	0.01926
706	0.01869
707	0.01811
708	0.01752
709	0.01701
710	0.01669
711	0.01652
712	0.01616
713	0.0157
714	0.01533
715	0.01471
716	0.01441
717	0.01402
718	0.01394
719	0.01352
720	0.01307
721	0.01114
722	0.0109
723	0.01076
724	0.01157
725	0.01152
726	0.01112
727	0.01086
728	0.01084
729	0.01074
730	0.01067
731	0.01027
732	0.01007
733	0.00974
734	0.00964
735	0.00939
736	0.00925
737	0.0091
738	0.00877
739	0.00846
740	0.00794
741	0.00778
742	0.00778
743	0.00791
744	0.00817
745	0.00779
746	0.00756
747	0.00716
748	0.00717
749	0.00707
750	0.00669
751	0.00653
752	0.00624
753	0.00623
754	0.00619
755	0.00627
756	0.00631
757	0.00611
758	0.00595
759	0.0057
760	0.00557
761	0.00532
762	0.0052
763	0.00507
764	0.00493
765	0.00485
766	0.00475
767	0.00469
768	0.00446
769	0.00426
770	0.0041
771	0.00424
772	0.00411
773	0.00412
774	0.00403
775	0.0041
776	0.00399
777	0.00386
778	0.00375
779	0.00364
780	0.00347
781	0.00359
782	0.00348
783	0.00349
784	0.00326
785	0.00314
786	0.0029
787	0.00278
788	0.00291
789	0.003
790	0.00304
791	0.00283
792	0.00261
793	0.00257
794	0.00258
795	0.00279
796	0.00281
797	0.00248
798	0.00207
799	0.00195
800	0.00219