400	0.00436
401	0.00434
402	0.00414
403	0.00413
404	0.00415
405	0.00437
406	0.00451
407	0.00445
408	0.00452
409	0.00427
410	0.00416
411	0.00383
412	0.0038
413	0.00384
414	0.00413
415	0.0043
416	0.00436
417	0.00433
418	0.00406
419	0.00394
420	0.00385
421	0.0037
422	0.00388
423	0.004
424	0.0041
425	0.00405
426	0.00392
427	0.00396
428	0.00398
429	0.00407
430	0.00416
431	0.00403
432	0.00421
433	0.00407
434	0.0043
435	0.00401
436	0.00397
437	0.00373
438	0.00376
439	0.00367
440	0.0038
441	0.00393
442	0.00398
443	0.00404
444	0.00411
445	0.00406
446	0.00412
447	0.00432
448	0.00422
449	0.00417
450	0.00379
451	0.00398
452	0.00414
453	0.00405
454	0.00381
455	0.00354
456	0.00355
457	0.00381
458	0.00399
459	0.00393
460	0.00385
461	0.00393
462	0.00399
463	0.00411
464	0.00399
465	0.0041
466	0.00411
467	0.00406
468	0.00411
469	0.00417
470	0.00458
471	0.00487
472	0.00522
473	0.00565
474	0.00611
475	0.00649
476	0.00689
477	0.00727
478	0.00782
479	0.00883
480	0.01014
481	0.012
482	0.01362
483	0.01581
484	0.01848
485	0.02174
486	0.0257
487	0.03024
488	0.03545
489	0.0419
490	0.04901
491	0.0575
492	0.06748
493	0.07889
494	0.09231
495	0.10742
496	0.1243
497	0.14347
498	0.16428
499	0.18753
500	0.2131
501	0.24081
502	0.26979
503	0.30107
504	0.33398
505	0.36893
506	0.40399
507	0.43974
508	0.47521
509	0.51199
510	0.54919
511	0.58639
512	0.62221
513	0.65693
514	0.69079
515	0.7236
516	0.75468
517	0.78395
518	0.81079
519	0.83553
520	0.85774
521	0.87741
522	0.8948
523	0.91061
524	0.92455
525	0.93725
526	0.94708
527	0.95566
528	0.96369
529	0.96982
530	0.97571
531	0.97921
532	0.98245
533	0.98477
534	0.98733
535	0.9908
536	0.99446
537	0.99742
538	0.99823
539	0.99727
540	0.99756
541	0.99839
542	0.99941
543	0.99994
544	0.9994
545	0.99946
546	0.99898
547	0.99831
548	0.99587
549	0.99296
550	0.98916
551	0.98537
552	0.98074
553	0.9748
554	0.96899
555	0.96239
556	0.95443
557	0.94613
558	0.93683
559	0.92731
560	0.91671
561	0.90596
562	0.89354
563	0.88215
564	0.87029
565	0.85839
566	0.84433
567	0.82956
568	0.81529
569	0.80089
570	0.78709
571	0.77208
572	0.75812
573	0.7436
574	0.72862
575	0.71376
576	0.69915
577	0.68422
578	0.66965
579	0.65535
580	0.64095
581	0.62694
582	0.61229
583	0.59872
584	0.58542
585	0.57267
586	0.56094
587	0.54814
588	0.53511
589	0.52298
590	0.51107
591	0.49996
592	0.48827
593	0.47705
594	0.4662
595	0.45607
596	0.44644
597	0.43624
598	0.42558
599	0.41546
600	0.40622
601	0.3973
602	0.38773
603	0.37783
604	0.36843
605	0.35927
606	0.35009
607	0.34163
608	0.33305
609	0.32544
610	0.31745
611	0.30955
612	0.30176
613	0.29437
614	0.28687
615	0.27999
616	0.27261
617	0.26593
618	0.25915
619	0.25328
620	0.24693
621	0.24098
622	0.23477
623	0.22906
624	0.22321
625	0.21788
626	0.21268
627	0.20712
628	0.2017
629	0.19633
630	0.19174
631	0.18676
632	0.18186
633	0.17667
634	0.17206
635	0.16778
636	0.16359
637	0.15886
638	0.15488
639	0.15085
640	0.14688
641	0.14295
642	0.13883
643	0.13508
644	0.13162
645	0.12837
646	0.12506
647	0.12139
648	0.11815
649	0.11502
650	0.1123
651	0.10961
652	0.10688
653	0.10384
654	0.10092
655	0.09798
656	0.0955
657	0.09264
658	0.09009
659	0.0879
660	0.08586
661	0.08386
662	0.08154
663	0.07932
664	0.07735
665	0.07542
666	0.07364
667	0.07168
668	0.06967
669	0.06799
670	0.06625
671	0.0647
672	0.06319
673	0.06183
674	0.06025
675	0.05838
676	0.0568
677	0.05558
678	0.05443
679	0.05315
680	0.0518
681	0.05066
682	0.04928
683	0.04808
684	0.04691
685	0.04578
686	0.04494
687	0.04388
688	0.04295
689	0.04154
690	0.04015
691	0.03914
692	0.0382
693	0.03743
694	0.0364
695	0.03546
696	0.03459
697	0.03354
698	0.03309
699	0.03203
700	0.03156
701	0.03067
702	0.03024
703	0.02953
704	0.02887
705	0.02843
706	0.0279
707	0.02723
708	0.02655
709	0.0257
710	0.025
711	0.02421
712	0.02374
713	0.02299
714	0.02248
715	0.0217
716	0.02129
717	0.02081
718	0.02033
719	0.01986
720	0.01922
721	0.01667
722	0.01625
723	0.0161
724	0.01708
725	0.01698
726	0.01638
727	0.01612
728	0.01569
729	0.01532
730	0.01496
731	0.01463
732	0.01434
733	0.01432
734	0.01401
735	0.01382
736	0.01347
737	0.01353
738	0.01319
739	0.01254
740	0.01203
741	0.01177
742	0.01174
743	0.01156
744	0.01174
745	0.0116
746	0.01117
747	0.0106
748	0.01022
749	0.01017
750	0.00963
751	0.00946
752	0.00935
753	0.00943
754	0.00913
755	0.00886
756	0.00871
757	0.00852
758	0.00827
759	0.00803
760	0.00812
761	0.00804
762	0.0078
763	0.0073
764	0.007
765	0.00682
766	0.00696
767	0.00669
768	0.00651
769	0.00614
770	0.00609
771	0.00628
772	0.00615
773	0.00594
774	0.00567
775	0.00563
776	0.00547
777	0.00511
778	0.00497
779	0.00476
780	0.00456
781	0.0047
782	0.0047
783	0.00478
784	0.00452
785	0.00461
786	0.00443
787	0.00424
788	0.00412
789	0.00398
790	0.00406
791	0.00396
792	0.00387
793	0.0038
794	0.00364
795	0.00347
796	0.00354
797	0.00327
798	0.00322
799	0.00289
800	0.00307