400	0
401	0
402	0
403	0
404	0
405	0
406	0
407	0
408	0
409	0
410	0
411	0
412	0
413	0
414	0
415	0
416	0
417	0
418	0
419	0
420	0
421	0
422	0
423	0
424	0
425	0
426	0
427	0
428	0
429	0
430	0
431	0
432	0
433	0
434	0
435	0
436	0
437	0
438	0
439	0
440	0
441	0
442	0
443	0
444	0
445	0
446	0
447	0
448	0
449	0
450	0
451	0
452	0
453	0
454	0
455	0
456	0
457	0
458	0
459	0
460	0
461	0
462	0
463	0
464	0
465	0
466	0
467	0
468	0
469	0
470	0
471	0
472	0
473	0
474	0
475	0
476	0
477	0
478	0
479	0
480	0
481	0
482	0
483	0
484	0
485	0
486	0
487	0
488	0
489	0
490	0
491	0
492	0
493	0
494	0
495	0
496	0
497	0
498	0
499	0
500	0
501	0
502	0
503	0
504	0
505	0
506	0
507	0
508	0
509	0
510	0
511	0
512	0
513	0
514	0
515	0
516	0
517	0
518	0
519	0
520	0
521	0
522	0
523	0
524	0
525	0
526	0
527	0
528	0
529	0
530	0
531	0
532	0
533	0
534	0
535	0
536	0
537	0
538	0
539	0
540	0
541	0
542	0
543	0.00124
544	0.00332
545	0.00557
546	0.00743
547	0.00835
548	0.00793
549	0.00758
550	0.00745
551	0.00742
552	0.00741
553	0.00744
554	0.00753
555	0.00777
556	0.00808
557	0.00842
558	0.00879
559	0.00934
560	0.01016
561	0.01128
562	0.01248
563	0.0137
564	0.01484
565	0.01601
566	0.01729
567	0.01895
568	0.02093
569	0.02325
570	0.02593
571	0.02907
572	0.03273
573	0.03695
574	0.04163
575	0.04674
576	0.05252
577	0.05918
578	0.06694
579	0.07597
580	0.08622
581	0.0977
582	0.11028
583	0.12413
584	0.13937
585	0.15646
586	0.17542
587	0.19636
588	0.21884
589	0.24292
590	0.26855
591	0.29606
592	0.32539
593	0.35642
594	0.3889
595	0.4227
596	0.45751
597	0.4932
598	0.52961
599	0.56632
600	0.60301
601	0.63944
602	0.67528
603	0.71008
604	0.74376
605	0.77606
606	0.80684
607	0.83581
608	0.86282
609	0.88765
610	0.91009
611	0.92989
612	0.94696
613	0.96138
614	0.97315
615	0.98257
616	0.98982
617	0.99507
618	0.99844
619	1
620	0.99966
621	0.99718
622	0.99241
623	0.98561
624	0.97733
625	0.96761
626	0.95639
627	0.94366
628	0.92959
629	0.91457
630	0.89891
631	0.88249
632	0.86505
633	0.84687
634	0.82834
635	0.81008
636	0.79207
637	0.77449
638	0.75714
639	0.74019
640	0.72352
641	0.70704
642	0.69055
643	0.67416
644	0.65826
645	0.64304
646	0.62866
647	0.61482
648	0.60158
649	0.58885
650	0.57707
651	0.56624
652	0.55626
653	0.54665
654	0.53707
655	0.52749
656	0.51823
657	0.50956
658	0.50125
659	0.49318
660	0.48537
661	0.47803
662	0.47113
663	0.46445
664	0.45764
665	0.45068
666	0.44385
667	0.43736
668	0.43102
669	0.42433
670	0.41724
671	0.40996
672	0.40304
673	0.39672
674	0.3908
675	0.38491
676	0.37854
677	0.37166
678	0.36435
679	0.35707
680	0.34984
681	0.34271
682	0.33541
683	0.32801
684	0.32071
685	0.31361
686	0.30672
687	0.29984
688	0.29297
689	0.28597
690	0.27903
691	0.27187
692	0.26481
693	0.25777
694	0.25106
695	0.24456
696	0.23838
697	0.23232
698	0.22636
699	0.22059
700	0.21482
701	0.20909
702	0.20324
703	0.19756
704	0.19199
705	0.18682
706	0.18174
707	0.17685
708	0.17199
709	0.1672
710	0.16245
711	0.15775
712	0.15313
713	0.1486
714	0.14441
715	0.14041
716	0.13663
717	0.13271
718	0.12871
719	0.12467
720	0.12097
721	0.11765
722	0.11454
723	0.11133
724	0.10822
725	0.10516
726	0.10238
727	0.09972
728	0.09722
729	0.09475
730	0.09241
731	0.09024
732	0.08821
733	0.08611
734	0.08386
735	0.08161
736	0.07944
737	0.07762
738	0.07617
739	0.07515
740	0.07424
741	0.07339
742	0.07219
743	0.07075
744	0.06896
745	0.06698
746	0.06504
747	0.06339
748	0.06201
749	0.06098
750	0.06017
751	0.05948
752	0.05889
753	0.0583
754	0.05771
755	0.05711
756	0.05652
757	0.05593
758	0.05534
759	0.05475
760	0.05415
761	0.05356
762	0.05297
763	0.05238
764	0.05179
765	0.05119
766	0.0506
767	0.05001
768	0.04942
769	0.04882
770	0.04823
771	0.04764
772	0.04705
773	0.04646
774	0.04586
775	0.04527
776	0.04468
777	0.04409
778	0.0435
779	0.0429
780	0.04231
781	0.04172
782	0.04113
783	0.04054
784	0.03994
785	0.03935
786	0.03876
787	0.03817
788	0.03757
789	0.03698
790	0.03639
791	0.0358
792	0.03521
793	0.03461
794	0.03402
795	0.03343
796	0.03284
797	0.03225
798	0.03165
799	0.03106
800	0.03047
