400	0.00436
401	0.00516
402	0.00537
403	0.00533
404	0.00486
405	0.00412
406	0.00362
407	0.00332
408	0.00338
409	0.00358
410	0.00382
411	0.00394
412	0.00399
413	0.00397
414	0.00408
415	0.00402
416	0.00407
417	0.00398
418	0.004
419	0.00429
420	0.00483
421	0.00527
422	0.00545
423	0.00524
424	0.00496
425	0.00484
426	0.0048
427	0.00473
428	0.00438
429	0.00394
430	0.00356
431	0.00334
432	0.00321
433	0.00327
434	0.00332
435	0.00342
436	0.00335
437	0.00296
438	0.00232
439	0.00161
440	0.00101
441	6.76869E-4
442	7.2333E-4
443	0.00123
444	0.00213
445	0.00296
446	0.00336
447	0.00328
448	0.00286
449	0.00253
450	0.00244
451	0.00253
452	0.00253
453	0.00255
454	0.00239
455	0.00255
456	0.003
457	0.00357
458	0.00401
459	0.00428
460	0.00433
461	0.00453
462	0.00481
463	0.00502
464	0.00512
465	0.0051
466	0.0051
467	0.00539
468	0.00572
469	0.00602
470	0.00605
471	0.00584
472	0.00543
473	0.00523
474	0.00526
475	0.00565
476	0.00624
477	0.00683
478	0.00725
479	0.00743
480	0.00736
481	0.00715
482	0.00691
483	0.00678
484	0.00698
485	0.00766
486	0.00852
487	0.00912
488	0.00911
489	0.0083
490	0.00724
491	0.00631
492	0.006
493	0.00599
494	0.00623
495	0.00652
496	0.00708
497	0.00774
498	0.00853
499	0.00893
500	0.00892
501	0.00837
502	0.00773
503	0.00723
504	0.00705
505	0.00698
506	0.00711
507	0.00718
508	0.00747
509	0.00782
510	0.00817
511	0.00812
512	0.008
513	0.00801
514	0.00836
515	0.00895
516	0.0094
517	0.0093
518	0.00887
519	0.00839
520	0.00816
521	0.00809
522	0.00804
523	0.0081
524	0.00813
525	0.00812
526	0.00813
527	0.00809
528	0.00794
529	0.00766
530	0.00724
531	0.00682
532	0.00659
533	0.00651
534	0.00677
535	0.00716
536	0.00771
537	0.00827
538	0.00874
539	0.00897
540	0.00905
541	0.00906
542	0.00923
543	0.00954
544	0.00977
545	0.00982
546	0.00958
547	0.00919
548	0.00891
549	0.00894
550	0.00931
551	0.01003
552	0.01083
553	0.01156
554	0.01198
555	0.0122
556	0.0126
557	0.01346
558	0.01492
559	0.01682
560	0.01872
561	0.02038
562	0.02193
563	0.02361
564	0.02571
565	0.02835
566	0.03178
567	0.03591
568	0.04072
569	0.0462
570	0.05234
571	0.05937
572	0.06759
573	0.07713
574	0.08801
575	0.09998
576	0.11286
577	0.127
578	0.14294
579	0.16108
580	0.1816
581	0.20433
582	0.229
583	0.25567
584	0.28445
585	0.31531
586	0.34814
587	0.38249
588	0.41814
589	0.45471
590	0.49223
591	0.53041
592	0.56931
593	0.60833
594	0.6475
595	0.68622
596	0.72452
597	0.7616
598	0.79727
599	0.83062
600	0.86134
601	0.88891
602	0.91332
603	0.93464
604	0.95308
605	0.96893
606	0.98189
607	0.99153
608	0.99737
609	1
610	0.99977
611	0.99735
612	0.99265
613	0.98557
614	0.97575
615	0.96365
616	0.94994
617	0.93535
618	0.91985
619	0.9035
620	0.88631
621	0.86838
622	0.84996
623	0.83117
624	0.81219
625	0.79317
626	0.77433
627	0.75586
628	0.73737
629	0.71846
630	0.69946
631	0.68074
632	0.66286
633	0.64571
634	0.62918
635	0.61306
636	0.59748
637	0.58259
638	0.56882
639	0.55593
640	0.54416
641	0.53321
642	0.52296
643	0.51298
644	0.50331
645	0.49391
646	0.48547
647	0.47771
648	0.47071
649	0.46392
650	0.45736
651	0.45091
652	0.44484
653	0.43904
654	0.4335
655	0.42788
656	0.42235
657	0.4169
658	0.41158
659	0.40648
660	0.40137
661	0.39584
662	0.38974
663	0.38297
664	0.37625
665	0.36999
666	0.36435
667	0.35898
668	0.35307
669	0.34645
670	0.33929
671	0.33188
672	0.32442
673	0.31715
674	0.30994
675	0.30268
676	0.29529
677	0.28786
678	0.28047
679	0.27357
680	0.26706
681	0.2609
682	0.25468
683	0.24811
684	0.24127
685	0.23451
686	0.22785
687	0.22165
688	0.21549
689	0.2094
690	0.20309
691	0.19671
692	0.19048
693	0.18467
694	0.17893
695	0.17347
696	0.16815
697	0.16316
698	0.15854
699	0.1542
700	0.14991
701	0.14551
702	0.14115
703	0.13718
704	0.13372
705	0.13049
706	0.12718
707	0.12367
708	0.11999
709	0.11655
710	0.11342
711	0.11037
712	0.10726
713	0.10396
714	0.10075
715	0.09792
716	0.0955
717	0.09352
718	0.09171
719	0.09
720	0.08805
721	0.08602
722	0.08372
723	0.08143
724	0.079
725	0.07699
726	0.07534
727	0.07405
728	0.07284
729	0.07135
730	0.06956
731	0.0677
732	0.0662
733	0.06503
734	0.06398
735	0.06269
736	0.06122
737	0.05965
738	0.05812
739	0.05684
740	0.05566
741	0.05455
742	0.05346
743	0.05261
744	0.05193
745	0.0514
746	0.05064
747	0.04948
748	0.04788
749	0.04623
750	0.04477
751	0.04356
752	0.04251
753	0.04146
754	0.0404
755	0.03935
756	0.0383
757	0.03724
758	0.03619
759	0.03514
760	0.03409
761	0.03303
762	0.03198
763	0.03093
764	0.02988
765	0.02882
766	0.02777
767	0.02672
768	0.02567
769	0.02461
770	0.02356
771	0.02251
772	0.02145
773	0.0204
774	0.01935
775	0.0183
776	0.01724
777	0.01619
778	0.01514
779	0.01409
780	0.01303
781	0.01198
782	0.01093
783	0.00988
784	0.00882
785	0.00777
786	0.00672
787	0.00566
788	0.00461
789	0.00356
790	0.00245
791	0.00145
792	6.90331E-4
793	2.07673E-4
794	0
795	0
796	0
797	0
798	0
799	0
800	0