400	0.01288
401	0.01288
402	0.01288
403	0.01288
404	0.01288
405	0.01288
406	0.01288
407	0.01288
408	0.01288
409	0.01288
410	0.0132
411	0.01148
412	0.00841
413	0.00641
414	0.0058
415	0.00636
416	0.00697
417	0.00681
418	0.00637
419	0.00594
420	0.00643
421	0.0063
422	0.00626
423	0.00694
424	0.00699
425	0.00737
426	0.00668
427	0.0061
428	0.00629
429	0.0048
430	0.0041
431	0.00385
432	0.00362
433	0.0038
434	0.00368
435	0.00501
436	0.0054
437	0.00543
438	0.00417
439	0.00372
440	0.00401
441	0.00428
442	0.00472
443	0.00447
444	0.005
445	0.00454
446	0.00408
447	0.00476
448	0.00469
449	0.0041
450	0.00374
451	0.00313
452	0.00373
453	0.00505
454	0.00417
455	0.00545
456	0.00464
457	0.00519
458	0.00519
459	0.0055
460	0.00462
461	0.00358
462	0.00316
463	0.00323
464	0.00443
465	0.00521
466	0.00481
467	0.00414
468	0.00484
469	0.00579
470	0.00683
471	0.00749
472	0.00713
473	0.0072
474	0.00709
475	0.00782
476	0.00815
477	0.0087
478	0.0094
479	0.0081
480	0.00811
481	0.00804
482	0.00953
483	0.01193
484	0.01418
485	0.01666
486	0.01731
487	0.01868
488	0.02149
489	0.02483
490	0.02874
491	0.03279
492	0.03767
493	0.04424
494	0.05074
495	0.05845
496	0.06742
497	0.07772
498	0.09076
499	0.10411
500	0.12022
501	0.13863
502	0.15934
503	0.18186
504	0.2068
505	0.23417
506	0.26458
507	0.29672
508	0.33071
509	0.3661
510	0.40268
511	0.44159
512	0.48123
513	0.52303
514	0.56501
515	0.60889
516	0.64986
517	0.68957
518	0.72811
519	0.76575
520	0.80164
521	0.83594
522	0.86599
523	0.89507
524	0.91896
525	0.93922
526	0.95644
527	0.97161
528	0.9834
529	0.99226
530	0.9975
531	0.99961
532	0.99696
533	0.9927
534	0.9866
535	0.97965
536	0.9731
537	0.96495
538	0.95654
539	0.94689
540	0.9393
541	0.9295
542	0.9181
543	0.90508
544	0.89135
545	0.87846
546	0.86773
547	0.85706
548	0.84712
549	0.83637
550	0.82772
551	0.81733
552	0.80783
553	0.7999
554	0.79423
555	0.78518
556	0.77488
557	0.76461
558	0.75756
559	0.75561
560	0.75198
561	0.74507
562	0.73166
563	0.71788
564	0.70684
565	0.69748
566	0.6884
567	0.67619
568	0.66445
569	0.65196
570	0.64072
571	0.62985
572	0.61972
573	0.60928
574	0.59698
575	0.58248
576	0.56889
577	0.55669
578	0.54402
579	0.53164
580	0.51839
581	0.5045
582	0.49111
583	0.47801
584	0.46615
585	0.45492
586	0.44415
587	0.43336
588	0.42173
589	0.41196
590	0.40133
591	0.39161
592	0.38153
593	0.37228
594	0.36223
595	0.35146
596	0.34106
597	0.33362
598	0.32584
599	0.31739
600	0.30819
601	0.29987
602	0.29211
603	0.28442
604	0.2772
605	0.26918
606	0.26215
607	0.25564
608	0.24919
609	0.24357
610	0.23717
611	0.2315
612	0.22523
613	0.21915
614	0.21519
615	0.2105
616	0.20719
617	0.20071
618	0.1955
619	0.18956
620	0.18312
621	0.17733
622	0.17304
623	0.16946
624	0.16549
625	0.16081
626	0.1568
627	0.15284
628	0.14905
629	0.1446
630	0.14107
631	0.13754
632	0.13493
633	0.13044
634	0.12668
635	0.12283
636	0.12031
637	0.11656
638	0.11329
639	0.10869
640	0.10637
641	0.10376
642	0.10168
643	0.09868
644	0.0948
645	0.09033
646	0.08785
647	0.08484
648	0.08328
649	0.08182
650	0.07972
651	0.07784
652	0.07478
653	0.07324
654	0.07049
655	0.06836
656	0.06632
657	0.0649
658	0.0634
659	0.06181
660	0.06085
661	0.05842
662	0.05664
663	0.05533
664	0.05366
665	0.05314
666	0.05232
667	0.05116
668	0.04998
669	0.04795
670	0.04752
671	0.04538
672	0.04399
673	0.04219
674	0.04254
675	0.04163
676	0.04032
677	0.03909
678	0.03801
679	0.03721
680	0.03607
681	0.03384
682	0.03317
683	0.0318
684	0.03103
685	0.02966
686	0.02873
687	0.02858
688	0.02743
689	0.02656
690	0.02663
691	0.02727
692	0.02706
693	0.02556
694	0.02473
695	0.02476
696	0.02582
697	0.02519
698	0.02381
699	0.02217
700	0.02101
701	0.01994
702	0.01943
703	0.01982
704	0.01971
705	0.01941
706	0.0189
707	0.01883
708	0.01827
709	0.01771
710	0.01628
711	0.01641
712	0.01649
713	0.01696
714	0.01618
715	0.0153
716	0.01492
717	0.01543
718	0.01547
719	0.01528
720	0.01436
721	0.01454
722	0.01481
723	0.01463
724	0.01444
725	0.01284
726	0.01287
727	0.01133
728	0.01098
729	0.01019
730	0.01028
731	0.01031
732	0.01089
733	0.01106
734	0.01086
735	0.01006
736	0.00886
737	0.00988
738	0.00957
739	0.0107
740	0.01014
741	0.00966
742	0.00902
743	0.01007
744	0.00967
745	0.01025
746	0.0093
747	0.00872
748	0.00839
749	0.00713
750	0.00794
751	0.0073
752	0.00736
753	0.00715
754	0.00718
755	0.00789
756	0.00943
757	0.00948
758	0.00977
759	0.00702
760	0.00635
761	0.00557
762	0.00648
763	0.0073
764	0.00813
765	0.00771
766	0.00899
767	0.00827
768	0.0083
769	0.00715
770	0.00614
771	0.00597
772	0.00485
773	0.00392
774	0.00348
775	0.00385
776	0.00559
777	0.00648
778	0.00641
779	0.00726
780	0.0069
781	0.00731
782	0.0069
783	0.00658
784	0.0063
785	0.00538
786	0.00733
787	0.00769
788	0.00732
789	0.00567
790	0.00567
791	0.00549
792	0.00569
793	0.00494
794	0.00487
795	0.00599
796	0.00634
797	0.00733
798	0.00623
799	0.00577
800	0.00513