400	0.00486
401	0.00557
402	0.00479
403	0.00431
404	0.00374
405	0.00366
406	0.00379
407	0.00398
408	0.00378
409	0.00347
410	0.00293
411	0.00272
412	0.00279
413	0.0033
414	0.00399
415	0.0045
416	0.0044
417	0.00379
418	0.00316
419	0.00289
420	0.00345
421	0.00437
422	0.00507
423	0.00513
424	0.00467
425	0.00404
426	0.00351
427	0.00308
428	0.00268
429	0.00268
430	0.00325
431	0.00447
432	0.00579
433	0.00668
434	0.00707
435	0.00721
436	0.00755
437	0.0079
438	0.00804
439	0.00769
440	0.00701
441	0.00613
442	0.00565
443	0.00563
444	0.00629
445	0.00713
446	0.00814
447	0.00879
448	0.00921
449	0.00914
450	0.00894
451	0.00838
452	0.00797
453	0.00781
454	0.00796
455	0.00819
456	0.00851
457	0.0091
458	0.01017
459	0.01147
460	0.01264
461	0.01341
462	0.01355
463	0.01333
464	0.01292
465	0.01267
466	0.01278
467	0.01376
468	0.01514
469	0.01673
470	0.01776
471	0.01851
472	0.01932
473	0.02049
474	0.02181
475	0.02315
476	0.02417
477	0.02469
478	0.02505
479	0.02522
480	0.02552
481	0.02626
482	0.02782
483	0.03006
484	0.03274
485	0.03525
486	0.03717
487	0.0384
488	0.03892
489	0.0393
490	0.0398
491	0.04087
492	0.04232
493	0.04404
494	0.04546
495	0.04689
496	0.04815
497	0.04937
498	0.05068
499	0.05209
500	0.05365
501	0.0552
502	0.05688
503	0.05825
504	0.05959
505	0.06096
506	0.0625
507	0.06386
508	0.06471
509	0.06463
510	0.06388
511	0.06338
512	0.06372
513	0.06505
514	0.06697
515	0.06865
516	0.06957
517	0.07003
518	0.07075
519	0.072
520	0.07378
521	0.07534
522	0.07643
523	0.07692
524	0.07719
525	0.07766
526	0.07886
527	0.08069
528	0.08299
529	0.08546
530	0.08795
531	0.09049
532	0.09342
533	0.09703
534	0.1016
535	0.10671
536	0.11237
537	0.11862
538	0.12556
539	0.1333
540	0.14198
541	0.1516
542	0.16222
543	0.17401
544	0.18714
545	0.20183
546	0.21816
547	0.23613
548	0.25625
549	0.27814
550	0.30193
551	0.32693
552	0.35232
553	0.37749
554	0.40351
555	0.43114
556	0.4611
557	0.49276
558	0.52494
559	0.55693
560	0.58825
561	0.61887
562	0.649
563	0.67776
564	0.70576
565	0.73342
566	0.7614
567	0.78912
568	0.81606
569	0.84107
570	0.86399
571	0.88433
572	0.90296
573	0.91999
574	0.93556
575	0.94955
576	0.96171
577	0.97187
578	0.97969
579	0.98529
580	0.98951
581	0.99295
582	0.99612
583	0.99891
584	1
585	0.99869
586	0.99533
587	0.99024
588	0.98408
589	0.97724
590	0.96985
591	0.96266
592	0.95564
593	0.94933
594	0.94301
595	0.93663
596	0.92921
597	0.92208
598	0.91491
599	0.90875
600	0.90254
601	0.89667
602	0.88992
603	0.88266
604	0.87505
605	0.86787
606	0.86069
607	0.85309
608	0.84502
609	0.83727
610	0.83055
611	0.82509
612	0.82022
613	0.81497
614	0.80894
615	0.80216
616	0.79533
617	0.78882
618	0.78243
619	0.77653
620	0.7713
621	0.76658
622	0.76168
623	0.75568
624	0.7482
625	0.73969
626	0.73091
627	0.72249
628	0.71435
629	0.70605
630	0.69728
631	0.68808
632	0.67836
633	0.66864
634	0.65885
635	0.64919
636	0.63974
637	0.6303
638	0.6208
639	0.61124
640	0.60154
641	0.59188
642	0.58171
643	0.57043
644	0.55858
645	0.54682
646	0.53589
647	0.52587
648	0.51616
649	0.50638
650	0.49608
651	0.48566
652	0.47603
653	0.46742
654	0.4597
655	0.4522
656	0.4445
657	0.43636
658	0.42834
659	0.42034
660	0.41231
661	0.4034
662	0.39429
663	0.38562
664	0.37821
665	0.37156
666	0.36525
667	0.35841
668	0.35132
669	0.34436
670	0.33776
671	0.33103
672	0.32418
673	0.31738
674	0.31099
675	0.30497
676	0.29924
677	0.29358
678	0.28805
679	0.28252
680	0.27705
681	0.27127
682	0.26541
683	0.25995
684	0.25531
685	0.25118
686	0.24719
687	0.24289
688	0.2384
689	0.23385
690	0.22937
691	0.22474
692	0.21975
693	0.21453
694	0.20975
695	0.20559
696	0.2019
697	0.19822
698	0.1939
699	0.18903
700	0.18391
701	0.17901
702	0.17443
703	0.17029
704	0.16631
705	0.16278
706	0.15965
707	0.15691
708	0.15431
709	0.15159
710	0.14849
711	0.14497
712	0.141
713	0.13686
714	0.13302
715	0.12932
716	0.12596
717	0.12284
718	0.1199
719	0.117
720	0.11413
721	0.11106
722	0.10802
723	0.10511
724	0.10265
725	0.10062
726	0.09881
727	0.09708
728	0.09539
729	0.09387
730	0.09239
731	0.09061
732	0.08814
733	0.08528
734	0.08226
735	0.07945
736	0.07713
737	0.07517
738	0.0732
739	0.07123
740	0.06927
741	0.0673
742	0.06533
743	0.06337
744	0.0614
745	0.05943
746	0.05747
747	0.0555
748	0.05353
749	0.05157
750	0.0496
751	0.04763
752	0.04567
753	0.0437
754	0.04173
755	0.03977
756	0.0378
757	0.03583
758	0.03387
759	0.0319
760	0.02993
761	0.02797
762	0.026
763	0.02403
764	0.02207
765	0.0201
766	0.01813
767	0.01617
768	0.0142
769	0.01223
770	0.01027
771	0.0083
772	0.00633
773	0.00436
774	0.00262
775	0.00128
776	4.41227E-4
777	6.16399E-5
778	0
779	0
780	0
781	0
782	0
783	0
784	0
785	0
786	0
787	0
788	0
789	0
790	0
791	0
792	0
793	0
794	0
795	0
796	0
797	0
798	0
799	0
800	0