400	0
401	0
402	0
403	0
404	0
405	0
406	0
407	0
408	0
409	0
410	0
411	0
412	0
413	0
414	0
415	0
416	0
417	0
418	0
419	0
420	0
421	0
422	0
423	0
424	0
425	0
426	0
427	0
428	0
429	0
430	0
431	0
432	0
433	0
434	0
435	0
436	0
437	0
438	0
439	0
440	0
441	0
442	0
443	0
444	0
445	0
446	0
447	0
448	0
449	0
450	0
451	0
452	0
453	0
454	0
455	0
456	0
457	0
458	0
459	0
460	0
461	0
462	0
463	0
464	0
465	0
466	0
467	0
468	0
469	0
470	0
471	0
472	0
473	0
474	2.39131E-6
475	9.50544E-5
476	4.76272E-4
477	4.84357E-4
478	8.46002E-4
479	0.00122
480	0.00187
481	0.0024
482	0.00294
483	0.00359
484	0.00432
485	0.00498
486	0.00613
487	0.00703
488	0.00783
489	0.00888
490	0.01067
491	0.01237
492	0.01438
493	0.0172
494	0.01972
495	0.02259
496	0.02546
497	0.02961
498	0.03347
499	0.03821
500	0.04381
501	0.04983
502	0.05679
503	0.06403
504	0.07258
505	0.0813
506	0.08937
507	0.10119
508	0.11193
509	0.1238
510	0.13687
511	0.14814
512	0.16126
513	0.1742
514	0.18898
515	0.2064
516	0.22182
517	0.24038
518	0.25804
519	0.27566
520	0.29727
521	0.31806
522	0.34021
523	0.36223
524	0.38241
525	0.40359
526	0.42534
527	0.44806
528	0.47096
529	0.49386
530	0.51723
531	0.53887
532	0.56419
533	0.59017
534	0.61436
535	0.63781
536	0.66042
537	0.68381
538	0.70726
539	0.72885
540	0.75052
541	0.76915
542	0.78928
543	0.81055
544	0.82881
545	0.84993
546	0.86581
547	0.8812
548	0.89497
549	0.90871
550	0.92034
551	0.93129
552	0.94223
553	0.95292
554	0.96128
555	0.96735
556	0.97774
557	0.98315
558	0.99066
559	0.996
560	0.99956
561	0.99556
562	0.99648
563	0.99834
564	0.99662
565	0.99667
566	0.99831
567	0.99139
568	0.98766
569	0.98506
570	0.98458
571	0.97441
572	0.96541
573	0.95755
574	0.94821
575	0.93735
576	0.93071
577	0.9204
578	0.90877
579	0.8995
580	0.89227
581	0.88536
582	0.874
583	0.86226
584	0.85001
585	0.84073
586	0.82929
587	0.82328
588	0.81309
589	0.80164
590	0.79061
591	0.78306
592	0.77309
593	0.76538
594	0.75358
595	0.73956
596	0.73057
597	0.71594
598	0.70434
599	0.68822
600	0.67551
601	0.66461
602	0.65321
603	0.6404
604	0.63125
605	0.62053
606	0.61187
607	0.6005
608	0.59263
609	0.58179
610	0.57226
611	0.56185
612	0.55103
613	0.53836
614	0.52763
615	0.51667
616	0.50653
617	0.4956
618	0.48275
619	0.47166
620	0.46428
621	0.45438
622	0.44661
623	0.436
624	0.42765
625	0.41943
626	0.40988
627	0.40327
628	0.39318
629	0.38181
630	0.37429
631	0.3646
632	0.35709
633	0.34571
634	0.33494
635	0.32753
636	0.31995
637	0.31211
638	0.30493
639	0.29725
640	0.2896
641	0.28294
642	0.27548
643	0.27027
644	0.26139
645	0.25382
646	0.24816
647	0.24269
648	0.23517
649	0.22858
650	0.22199
651	0.21641
652	0.21001
653	0.2051
654	0.20131
655	0.19427
656	0.18907
657	0.1843
658	0.18063
659	0.17656
660	0.17278
661	0.16771
662	0.16273
663	0.1566
664	0.1523
665	0.14634
666	0.14172
667	0.13719
668	0.13313
669	0.12796
670	0.12436
671	0.12122
672	0.11822
673	0.11485
674	0.11069
675	0.10715
676	0.10341
677	0.10151
678	0.0973
679	0.09407
680	0.0898
681	0.08721
682	0.08584
683	0.08364
684	0.07979
685	0.07669
686	0.07324
687	0.07194
688	0.06957
689	0.06784
690	0.06498
691	0.06206
692	0.06034
693	0.05793
694	0.05576
695	0.05355
696	0.05102
697	0.04933
698	0.04671
699	0.04444
700	0.0428
701	0.04121
702	0.03952
703	0.03848
704	0.03642
705	0.03488
706	0.03349
707	0.03273
708	0.03134
709	0.0293
710	0.02839
711	0.02723
712	0.02606
713	0.02532
714	0.02405
715	0.02292
716	0.02156
717	0.02071
718	0.01954
719	0.01698
720	0.01523
721	0.01368
722	0.01323
723	0.01251
724	0.0115
725	0.01068
726	0.0104
727	0.00968
728	0.00879
729	0.00782
730	0.00729
731	0.00679
732	0.00648
733	0.00614
734	0.00539
735	0.00486
736	0.00402
737	0.00311
738	0.00264
739	0.00229
740	0.00192
741	0.00152
742	0.00127
743	0.00101
744	7.47374E-4
745	4.87033E-4
746	2.26707E-4
747	0
748	0
749	0
750	0