350	9.94724E-4
351	8.91942E-4
352	8.73346E-4
353	8.58114E-4
354	9.69825E-4
355	0.00106
356	0.00144
357	0.00159
358	0.00165
359	0.00148
360	0.00111
361	0.00122
362	0.00129
363	0.00162
364	0.00137
365	0.00127
366	0.00123
367	0.00147
368	0.00149
369	0.00181
370	0.00197
371	0.00245
372	0.00232
373	0.00186
374	0.00184
375	0.00208
376	0.00221
377	0.00211
378	0.00188
379	0.00191
380	0.00172
381	0.00183
382	0.00166
383	0.00204
384	0.00214
385	0.00204
386	0.00187
387	0.00163
388	0.00167
389	0.00181
390	0.00228
391	0.00265
392	0.00257
393	0.00222
394	0.00181
395	0.00173
396	0.00177
397	0.0016
398	0.00173
399	0.00167
400	0.00176
401	0.0017
402	0.00203
403	0.00192
404	0.00202
405	0.00206
406	0.00271
407	0.00287
408	0.00333
409	0.00353
410	0.00437
411	0.00493
412	0.0058
413	0.00642
414	0.00756
415	0.00879
416	0.00973
417	0.01139
418	0.01299
419	0.01491
420	0.0167
421	0.01871
422	0.02126
423	0.02351
424	0.02595
425	0.02836
426	0.03136
427	0.03446
428	0.03771
429	0.04135
430	0.04609
431	0.05162
432	0.05839
433	0.0666
434	0.0764
435	0.08855
436	0.10244
437	0.11927
438	0.1399
439	0.16368
440	0.19159
441	0.22357
442	0.26062
443	0.30292
444	0.34826
445	0.39715
446	0.45063
447	0.50613
448	0.56528
449	0.62384
450	0.68275
451	0.73904
452	0.79409
453	0.84225
454	0.88512
455	0.9213
456	0.95097
457	0.97401
458	0.98916
459	0.99851
460	1
461	0.99481
462	0.98311
463	0.96596
464	0.94698
465	0.92299
466	0.8987
467	0.871
468	0.84313
469	0.81531
470	0.78874
471	0.76426
472	0.74168
473	0.72093
474	0.70098
475	0.6836
476	0.66898
477	0.65573
478	0.64426
479	0.63304
480	0.62398
481	0.61628
482	0.61154
483	0.60557
484	0.59886
485	0.59186
486	0.58527
487	0.57823
488	0.56982
489	0.55923
490	0.5481
491	0.53611
492	0.52508
493	0.51389
494	0.50048
495	0.48492
496	0.46852
497	0.45102
498	0.43455
499	0.41781
500	0.40173
501	0.38515
502	0.36934
503	0.3533
504	0.33807
505	0.32333
506	0.30926
507	0.2954
508	0.28255
509	0.27066
510	0.25932
511	0.24841
512	0.23802
513	0.22894
514	0.22074
515	0.21318
516	0.20539
517	0.19803
518	0.19109
519	0.18531
520	0.17921
521	0.17383
522	0.16808
523	0.16288
524	0.15752
525	0.15228
526	0.14687
527	0.14187
528	0.13707
529	0.13246
530	0.12802
531	0.12275
532	0.11819
533	0.11358
534	0.10941
535	0.10528
536	0.10117
537	0.09683
538	0.09284
539	0.08867
540	0.0847
541	0.08065
542	0.07705
543	0.07394
544	0.07048
545	0.06775
546	0.0642
547	0.06171
548	0.05906
549	0.05719
550	0.05447
551	0.05201
552	0.04936
553	0.04708
554	0.04493
555	0.04275
556	0.04124
557	0.03993
558	0.03869
559	0.03734
560	0.03595
561	0.03415
562	0.03258
563	0.03132
564	0.03031
565	0.029
566	0.02775
567	0.02671
568	0.02587
569	0.02483
570	0.0242
571	0.02304
572	0.0223
573	0.02126
574	0.02087
575	0.02002
576	0.01945
577	0.01813
578	0.01713
579	0.01605
580	0.01548
581	0.01498
582	0.01448
583	0.01368
584	0.0132
585	0.01269
586	0.01206
587	0.01138
588	0.01095
589	0.01081
590	0.01042
591	0.00992
592	0.00962
593	0.00953
594	0.00937
595	0.00886
596	0.00872
597	0.00821
598	0.00775
599	0.00764
600	0.00732
601	0.00727
602	0.00656
603	0.0065
604	0.00605
605	0.00599
606	0.00544
607	0.00527
608	0.00502
609	0.0051
610	0.00486
611	0.00446
612	0.00417
613	0.00372
614	0.00365
615	0.00349
616	0.00376
617	0.00361
618	0.00328
619	0.00321
620	0.00331
621	0.00329
622	0.00322
623	0.00308
624	0.00305
625	0.00283
626	0.00272
627	0.00275
628	0.00266
629	0.00244
630	0.00261
631	0.00243
632	0.00238
633	0.00219
634	0.00216
635	0.00187
636	0.00199
637	0.00173
638	0.00199
639	0.00165
640	0.0018
641	0.00192
642	0.00205
643	0.0023
644	0.00199
645	0.00182
646	0.00156
647	0.00152
648	0.00171
649	0.00145
650	0.00156
651	0.00101
652	0.00106
653	9.53084E-4
654	0.00126
655	0.00144
656	0.00135
657	0.00104
658	7.84911E-4
659	6.08724E-4
660	8.95821E-4
661	8.94085E-4
662	9.72566E-4
663	7.29859E-4
664	0.00108
665	0.00106
666	0.00106
667	7.59794E-4
668	9.20537E-4
669	9.95614E-4
670	0.00109
671	0.00107
672	8.32036E-4
673	7.79247E-4
674	8.76729E-4
675	6.93877E-4
676	7.68101E-4
677	5.3189E-4
678	7.38785E-4
679	5.29067E-4
680	7.50084E-4
681	6.28607E-4
682	9.59289E-4
683	7.58185E-4
684	7.56616E-4
685	7.65211E-4
686	8.21976E-4
687	0.00131
688	0.00118
689	0.00127
690	9.1144E-4
691	6.09478E-4
692	3.09135E-4
693	2.99043E-4
694	1.80053E-4
695	4.64353E-6
696	-8.23065E-5
697	2.75825E-4
698	3.83493E-4
699	4.98127E-4
700	2.18594E-4
701	2.52608E-4
702	1.64247E-4
703	3.50452E-4
704	6.07961E-4
705	8.71126E-4
706	9.42254E-4
707	9.2724E-4
708	8.6091E-4
709	4.11416E-4
710	4.72752E-4
711	4.5762E-4
712	6.31404E-4
713	8.11688E-4
714	6.45102E-4
715	6.81659E-4
716	6.48174E-4
717	9.96449E-4
718	7.88766E-4
719	6.93585E-4
720	4.59038E-4
721	0.00321
722	0.00289
723	0.00295
724	6.54552E-4
725	2.93037E-4
726	1.37153E-4
727	3.79263E-4
728	5.02493E-4
729	8.57322E-4
730	7.5869E-4
731	6.09431E-4
732	7.1485E-4
733	8.38683E-4
734	9.58994E-4
735	9.16746E-4
736	5.74784E-4
737	6.38105E-4
738	4.81755E-4
739	7.64092E-4
740	8.35603E-4
741	0.00116
742	0.00102
743	0.00116
744	0.00117
745	0.00127
746	8.35465E-4
747	6.05431E-4
748	6.51297E-4
749	0.00116
750	0.00126