350	0.01418
351	0.01433
352	0.01526
353	0.01583
354	0.01669
355	0.01874
356	0.02005
357	0.02217
358	0.02472
359	0.02761
360	0.03138
361	0.03577
362	0.04088
363	0.04765
364	0.0544
365	0.06268
366	0.07189
367	0.08384
368	0.0945
369	0.10935
370	0.12438
371	0.14393
372	0.16088
373	0.1843
374	0.20565
375	0.23105
376	0.2567
377	0.28437
378	0.31622
379	0.34949
380	0.37768
381	0.41341
382	0.44321
383	0.48132
384	0.51397
385	0.55198
386	0.58464
387	0.62155
388	0.64968
389	0.68392
390	0.71811
391	0.74954
392	0.77314
393	0.80216
394	0.82597
395	0.8537
396	0.87355
397	0.89865
398	0.91371
399	0.93284
400	0.94227
401	0.95601
402	0.96396
403	0.9764
404	0.98258
405	0.99106
406	0.998
407	0.99865
408	0.99936
409	1
410	0.99741
411	0.99901
412	0.99248
413	0.98722
414	0.97902
415	0.97323
416	0.96694
417	0.95474
418	0.94959
419	0.93367
420	0.92712
421	0.91366
422	0.90463
423	0.89205
424	0.87715
425	0.86323
426	0.84881
427	0.83261
428	0.82371
429	0.80332
430	0.79232
431	0.77284
432	0.76101
433	0.74163
434	0.72557
435	0.70721
436	0.69394
437	0.67463
438	0.66066
439	0.64297
440	0.62943
441	0.60993
442	0.60011
443	0.58179
444	0.56358
445	0.54701
446	0.53067
447	0.51798
448	0.50249
449	0.48958
450	0.47612
451	0.4614
452	0.44952
453	0.43403
454	0.42174
455	0.40688
456	0.39679
457	0.38186
458	0.37074
459	0.35818
460	0.34866
461	0.33554
462	0.32944
463	0.31528
464	0.30683
465	0.29513
466	0.28696
467	0.2742
468	0.27016
469	0.25848
470	0.25186
471	0.24346
472	0.23626
473	0.22717
474	0.21993
475	0.21277
476	0.20745
477	0.19877
478	0.1946
479	0.18639
480	0.18273
481	0.17699
482	0.16851
483	0.16396
484	0.16017
485	0.15366
486	0.14972
487	0.14593
488	0.14103
489	0.138
490	0.13351
491	0.12705
492	0.12535
493	0.11905
494	0.11573
495	0.1128
496	0.10804
497	0.10439
498	0.10223
499	0.09899
500	0.09655
501	0.09307
502	0.09003
503	0.08679
504	0.08452
505	0.0831
506	0.07951
507	0.07856
508	0.07499
509	0.07308
510	0.07181
511	0.06901
512	0.06684
513	0.06454
514	0.06354
515	0.06175
516	0.06045
517	0.05801
518	0.05749
519	0.05609
520	0.05387
521	0.05208
522	0.05124
523	0.05012
524	0.04886
525	0.04711
526	0.04634
527	0.04571
528	0.0443
529	0.04293
530	0.04251
531	0.03971
532	0.03958
533	0.03895
534	0.03826
535	0.03718
536	0.03563
537	0.03533
538	0.03494
539	0.03361
540	0.03293
541	0.03196
542	0.03145
543	0.03082
544	0.02967
545	0.02903
546	0.02902
547	0.02776
548	0.02702
549	0.02667
550	0.02586
551	0.02453
552	0.02403
553	0.02361
554	0.02412
555	0.02338
556	0.02248
557	0.02231
558	0.02123
559	0.02049
560	0.02033
561	0.01936
562	0.01916
563	0.0189
564	0.01796
565	0.01773
566	0.01771
567	0.01701
568	0.01664
569	0.01621
570	0.01555
571	0.01551
572	0.01502
573	0.01462
574	0.01423
575	0.01444
576	0.01351
577	0.01347
578	0.01302
579	0.01245
580	0.01245
581	0.01194
582	0.01193
583	0.01136
584	0.01123
585	0.01051
586	0.01057
587	0.01052
588	0.0099
589	0.01002
590	0.00983
591	0.0099
592	0.01056
593	0.01056
594	0.01056
595	0.01056
596	0.01056
597	0.01056
598	0.01056
599	0.01056
600	0.01056
601	0.01056
602	0.01056
603	0.01056
604	0.01056
605	0.01056
606	0.01056
607	0.01056
608	0.01056
609	0.01056
610	0.01056
611	0.01056
612	0.01056
613	0.01056
614	0.01056
615	0.01056
616	0.01056
617	0.01056
618	0.01056
619	0.01056
620	0.01056
621	0.01056
622	0.01056
623	0.01056
624	0.01056
625	0.01056
626	0.01056
627	0.01056
628	0.01056
629	0.01056
630	0.01056
631	0.01056
632	0.01056
633	0.01056
634	0.01056
635	0.01056
636	0.01056
637	0.01056
638	0.01056
639	0.01056
640	0.01056
641	0.01056
642	0.01056
643	0.01056
644	0.01056
645	0.01056
646	0.01056
647	0.01056
648	0.01056
649	0.01056
650	0.01056
651	0.01056
652	0.01056
653	0.01056
654	0.01056
655	0.01056
656	0.01056
657	0.01056
658	0.01056
659	0.01056
660	0.01056
661	0.01056
662	0.01056
663	0.01056
664	0.01056
665	0.01056
666	0.01056
667	0.01056
668	0.01056
669	0.01056
670	0.01056
671	0.01056
672	0.01056
673	0.01056
674	0.01056
675	0.01056
676	0.01056
677	0.01056
678	0.01056
679	0.01056
680	0.01056
681	0.01056
682	0.01056
683	0.01056
684	0.01056
685	0.01056
686	0.01056
687	0.01056
688	0.01056
689	0.01056
690	0.01056
691	0.01056
692	0.01056
693	0.01056
694	0.01056
695	0.01056
696	0.01056
697	0.01056
698	0.01056
699	0.01056
700	0.01056
701	0.01056
702	0.01056
703	0.01056
704	0.01056
705	0.01056
706	0.01056
707	0.01056
708	0.01056
709	0.01056
710	0.01056
711	0.01056
712	0.01056
713	0.01056
714	0.01056
715	0.01056
716	0.01056
717	0.01056
718	0.01056
719	0.01056
720	0.01056
721	0.01056
722	0.01056
723	0.01056
724	0.01056
725	0.01056
726	0.01056
727	0.01056
728	0.01056
729	0.01056
730	0.01056
731	0.01056
732	0.01056
733	0.01056
734	0.01056
735	0.01056
736	0.01056
737	0.01056
738	0.01056
739	0.01056
740	0.01056
741	0.01056
742	0.01056
743	0.01056
744	0.01056
745	0.01056
746	0.01056
747	0.01056
748	0.01056
749	0.01056
750	0.01056
751	0.01056
752	0.01056
753	0.01056
754	0.01056
755	0.01056
756	0.01056
757	0.01056
758	0.01056
759	0.01056
760	0.01056
761	0.01056
762	0.01056
763	0.01056
764	0.01056
765	0.01056
766	0.01056
767	0.01056
768	0.01056
769	0.01056
770	0.01056
771	0.01056
772	0.01056
773	0.01056
774	0.01056
775	0.01056
776	0.01056
777	0.01056
778	0.01056
779	0.01056
780	0.01056
781	0.01056
782	0.01056
783	0.01056
784	0.01056
785	0.01056
786	0.01056
787	0.01056
788	0.01056
789	0.01056
790	0.01056
791	0.01056
792	0.01056
793	0.01056
794	0.01056
795	0.01056
796	0.01056
797	0.01056
798	0.01056
799	0.01056
800	0.01056