340	0.01972
341	0.01935
342	0.0196
343	0.02007
344	0.02039
345	0.0199
346	0.0206
347	0.02067
348	0.02137
349	0.02124
350	0.02099
351	0.02195
352	0.02245
353	0.02401
354	0.0241
355	0.02492
356	0.026
357	0.02625
358	0.02824
359	0.02791
360	0.02921
361	0.032
362	0.03197
363	0.03382
364	0.03559
365	0.03761
366	0.04118
367	0.04275
368	0.04436
369	0.04572
370	0.04809
371	0.05173
372	0.05523
373	0.05771
374	0.05935
375	0.06205
376	0.06385
377	0.0668
378	0.0686
379	0.07043
380	0.07268
381	0.07377
382	0.07696
383	0.081
384	0.08335
385	0.08578
386	0.08886
387	0.09405
388	0.09635
389	0.10287
390	0.10841
391	0.11477
392	0.12359
393	0.13161
394	0.14026
395	0.14799
396	0.15772
397	0.1711
398	0.18279
399	0.19647
400	0.21143
401	0.22316
402	0.24236
403	0.25633
404	0.28093
405	0.29379
406	0.31982
407	0.33412
408	0.35943
409	0.3829
410	0.40475
411	0.42932
412	0.45817
413	0.48117
414	0.505
415	0.53368
416	0.55619
417	0.57281
418	0.6011
419	0.62152
420	0.64501
421	0.67501
422	0.68869
423	0.72541
424	0.74292
425	0.76251
426	0.78192
427	0.79981
428	0.8187
429	0.84176
430	0.86243
431	0.87439
432	0.88744
433	0.91528
434	0.92104
435	0.93472
436	0.94318
437	0.95772
438	0.96577
439	0.97378
440	0.9707
441	0.98471
442	0.98579
443	0.99082
444	0.99667
445	1
446	0.99821
447	0.99429
448	0.99172
449	0.99316
450	0.99767
451	0.992
452	0.98593
453	0.98417
454	0.97518
455	0.97158
456	0.96618
457	0.96427
458	0.94995
459	0.94491
460	0.93781
461	0.92837
462	0.9245
463	0.91066
464	0.90889
465	0.89975
466	0.87667
467	0.87665
468	0.86288
469	0.85535
470	0.84655
471	0.83907
472	0.82605
473	0.80654
474	0.80211
475	0.78602
476	0.77038
477	0.75987
478	0.74805
479	0.74191
480	0.71857
481	0.70543
482	0.69118
483	0.68558
484	0.67361
485	0.65987
486	0.6506
487	0.64739
488	0.62904
489	0.61314
490	0.61503
491	0.59191
492	0.5794
493	0.56485
494	0.55205
495	0.54083
496	0.52793
497	0.52007
498	0.51263
499	0.49353
500	0.48266
501	0.4738
502	0.46526
503	0.45078
504	0.44417
505	0.43465
506	0.42333
507	0.41753
508	0.41205
509	0.40067
510	0.39322
511	0.37725
512	0.36917
513	0.36186
514	0.35301
515	0.34084
516	0.33415
517	0.3283
518	0.32465
519	0.31536
520	0.30765
521	0.30171
522	0.29444
523	0.2836
524	0.27851
525	0.27437
526	0.26568
527	0.25935
528	0.25247
529	0.24347
530	0.24207
531	0.2353
532	0.23059
533	0.22483
534	0.21943
535	0.21525
536	0.20707
537	0.20269
538	0.198
539	0.1932
540	0.18474
541	0.18183
542	0.18004
543	0.17341
544	0.17013
545	0.16463
546	0.15988
547	0.15955
548	0.15265
549	0.15135
550	0.14691
551	0.15335
552	0.14776
553	0.14147
554	0.13842
555	0.13421
556	0.13043
557	0.12782
558	0.12437
559	0.12167
560	0.11729
561	0.11128
562	0.1126
563	0.10949
564	0.10513
565	0.10238
566	0.09885
567	0.09618
568	0.09415
569	0.09238
570	0.08993
571	0.08921
572	0.08582
573	0.08523
574	0.08227
575	0.07893
576	0.07752
577	0.07411
578	0.07142
579	0.07168
580	0.06944
581	0.06755
582	0.06585
583	0.06516
584	0.06591
585	0.06477
586	0.05903
587	0.06125
588	0.05775
589	0.05901
590	0.05519
591	0.05235
592	0.05362
593	0.0505
594	0.04987
595	0.04891
596	0.04671
597	0.04755
598	0.04662
599	0.04512
600	0.04372
601	0.04262
602	0.04018
603	0.04025
604	0.03908
605	0.03833
606	0.03847
607	0.03697
608	0.03635
609	0.03684
610	0.03605
611	0.03421
612	0.03367
613	0.03272
614	0.03196
615	0.03072
616	0.03059
617	0.02951
618	0.02936
619	0.02803
620	0.02897
621	0.02735
622	0.02655
623	0.02521
624	0.02508
625	0.02522
626	0.0242
627	0.02298
628	0.0221
629	0.02191
630	0.02135
631	0.02247
632	0.02139
633	0.02021
634	0.02026
635	0.02005