350	5.0081E-4
351	4.61034E-4
352	5.04362E-4
353	5.45216E-4
354	5.15365E-4
355	5.50712E-4
356	5.67221E-4
357	7.13001E-4
358	7.07256E-4
359	6.66049E-4
360	6.69948E-4
361	7.99575E-4
362	9.3749E-4
363	9.31021E-4
364	8.42444E-4
365	9.79451E-4
366	0.00123
367	0.00153
368	0.00174
369	0.00182
370	0.00201
371	0.00212
372	0.0023
373	0.00244
374	0.00264
375	0.00281
376	0.00326
377	0.00347
378	0.00371
379	0.00394
380	0.00433
381	0.00457
382	0.00491
383	0.00494
384	0.00519
385	0.00543
386	0.00586
387	0.00604
388	0.00628
389	0.00641
390	0.00672
391	0.00684
392	0.00708
393	0.00707
394	0.00726
395	0.00731
396	0.00737
397	0.00734
398	0.00728
399	0.00735
400	0.00747
401	0.00757
402	0.00764
403	0.00768
404	0.00782
405	0.00785
406	0.00788
407	0.00799
408	0.00817
409	0.00832
410	0.00854
411	0.00865
412	0.00893
413	0.00903
414	0.00936
415	0.00968
416	0.01018
417	0.01078
418	0.01157
419	0.01264
420	0.01383
421	0.01529
422	0.01697
423	0.01881
424	0.021
425	0.02366
426	0.02687
427	0.03038
428	0.03461
429	0.0391
430	0.04459
431	0.05076
432	0.05815
433	0.06637
434	0.07552
435	0.08549
436	0.09664
437	0.10918
438	0.1234
439	0.13883
440	0.15613
441	0.17448
442	0.19477
443	0.21664
444	0.2402
445	0.26556
446	0.29238
447	0.32031
448	0.34997
449	0.38079
450	0.41208
451	0.44373
452	0.47689
453	0.51075
454	0.54497
455	0.57843
456	0.61152
457	0.64391
458	0.67625
459	0.708
460	0.73881
461	0.76846
462	0.79575
463	0.82114
464	0.84528
465	0.86759
466	0.88846
467	0.90758
468	0.9247
469	0.94063
470	0.95384
471	0.96539
472	0.97489
473	0.98353
474	0.99058
475	0.99575
476	0.99884
477	0.99998
478	0.99917
479	0.998
480	0.99676
481	0.99474
482	0.99121
483	0.98694
484	0.98136
485	0.97495
486	0.96716
487	0.95868
488	0.95034
489	0.94027
490	0.92977
491	0.91869
492	0.90786
493	0.89718
494	0.88548
495	0.87351
496	0.86101
497	0.84831
498	0.8352
499	0.8226
500	0.80894
501	0.79504
502	0.78096
503	0.76628
504	0.75179
505	0.73677
506	0.72239
507	0.7073
508	0.69284
509	0.67803
510	0.66439
511	0.65034
512	0.63618
513	0.6224
514	0.60864
515	0.596
516	0.58332
517	0.57117
518	0.55868
519	0.54648
520	0.53401
521	0.52248
522	0.51053
523	0.4987
524	0.48631
525	0.47478
526	0.46313
527	0.45157
528	0.44003
529	0.42883
530	0.41803
531	0.40742
532	0.39685
533	0.38653
534	0.3763
535	0.36646
536	0.35742
537	0.34867
538	0.33923
539	0.32954
540	0.31999
541	0.31132
542	0.30307
543	0.2951
544	0.2866
545	0.27899
546	0.27113
547	0.26385
548	0.25653
549	0.24935
550	0.24249
551	0.23564
552	0.22898
553	0.22244
554	0.21628
555	0.21002
556	0.20383
557	0.19795
558	0.19215
559	0.18689
560	0.18174
561	0.1767
562	0.17172
563	0.16675
564	0.16178
565	0.15715
566	0.15276
567	0.14841
568	0.14392
569	0.1397
570	0.13556
571	0.13181
572	0.12795
573	0.12441
574	0.12064
575	0.11725
576	0.11417
577	0.11087
578	0.10773
579	0.10421
580	0.10109
581	0.09804
582	0.09509
583	0.09244
584	0.09012
585	0.08786
586	0.08552
587	0.08293
588	0.0804
589	0.0779
590	0.07547
591	0.07301
592	0.0708
593	0.06881
594	0.06692
595	0.06518
596	0.0632
597	0.06149
598	0.05968
599	0.05818
600	0.0565
601	0.05476
602	0.05315
603	0.0515
604	0.04992
605	0.04847
606	0.04692
607	0.04553
608	0.04405
609	0.0427
610	0.04149
611	0.04018
612	0.03912
613	0.03802
614	0.03697
615	0.036
616	0.03499
617	0.03415
618	0.03322
619	0.03225
620	0.03128
621	0.03041
622	0.02971
623	0.02885
624	0.02807
625	0.02728
626	0.02658
627	0.02601
628	0.02528
629	0.02467
630	0.02392
631	0.02329
632	0.02279
633	0.02218
634	0.02151
635	0.02092
636	0.02036
637	0.01985
638	0.01908
639	0.01847
640	0.01817
641	0.01783
642	0.0174
643	0.01681
644	0.01636
645	0.01592
646	0.0155
647	0.01509
648	0.01488
649	0.01464
650	0.01418
651	0.01354
652	0.01311
653	0.01272
654	0.01246
655	0.01213
656	0.01192
657	0.01173
658	0.01149
659	0.01123
660	0.01074
661	0.0105
662	0.01015
663	0.01004
664	0.00968
665	0.00935
666	0.00908
667	0.0087
668	0.00846
669	0.00824
670	0.00816
671	0.00811
672	0.00784
673	0.00771
674	0.00742
675	0.00715
676	0.00703
677	0.00702
678	0.00699
679	0.00689
680	0.00659
681	0.0064
682	0.00624
683	0.00609
684	0.00599
685	0.00586
686	0.0057
687	0.00556
688	0.00547
689	0.00554
690	0.00554
691	0.00547
692	0.00549
693	0.00528
694	0.00512
695	0.00473
696	0.00445
697	0.00433
698	0.0043
699	0.00425
700	0.00417
701	0.00402
702	0.00411
703	0.00398
704	0.00386
705	0.00367
706	0.00365
707	0.0038
708	0.00382
709	0.00377
710	0.00352
711	0.00329
712	0.00315
713	0.00302
714	0.00307
715	0.00305
716	0.00305
717	0.00291
718	0.00306
719	0.00306
720	0.00304
721	0.00278
722	0.00264
723	0.0026
724	0.00259
725	0.00247
726	0.00238
727	0.0023
728	0.00233
729	0.00236
730	0.00229
731	0.00225
732	0.00212
733	0.00205
734	0.00206
735	0.00206
736	0.00219
737	0.00211
738	0.00206
739	0.00192
740	0.00189
741	0.0019
742	0.00185
743	0.00178
744	0.00176
745	0.00171
746	0.00171
747	0.00162
748	0.00155
749	0.00147
750	0.00144
751	0.00161
752	0.00166
753	0.00167
754	0.00151
755	0.00145
756	0.00149
757	0.00144
758	0.00143
759	0.00131
760	0.00127
761	0.00125
762	0.0013
763	0.00131
764	0.00129
765	0.00119
766	0.00121
767	0.00121
768	0.00123
769	0.00129
770	0.00126
771	0.00142
772	0.00127
773	0.00125
774	9.93544E-4
775	0.00104
776	0.00108
777	0.00117
778	0.00106
779	0.00107
780	0.00104
781	0.00115
782	0.00113
783	0.00116
784	9.80157E-4
785	8.78482E-4
786	7.86742E-4
787	8.15989E-4
788	9.11564E-4
789	8.86328E-4
790	8.64529E-4
791	8.02067E-4
792	8.10114E-4
793	7.81901E-4
794	7.35096E-4
795	5.81271E-4
796	5.66433E-4
797	5.54137E-4
798	7.33949E-4
799	8.90987E-4
800	8.40564E-4