400	1
402	1
404	1
406	1
408	1
410	1
412	1
414	1
416	1
418	1
420	1
422	1
424	1
426	1
428	1
430	1
432	1
434	1
436	1
438	1
440	1
442	1
444	1
446	1
448	1
450	1
452	1
454	1
456	1
458	1
460	1
462	1
464	1
466	1
468	1
470	1
472	1
474	1
476	1
478	1
480	1
482	1
484	1
486	1
488	1
490	1
492	1
494	1
496	1
498	1
500	1
502	1
504	1
506	1
508	1
510	1
512	1
514	1
516	1
518	1
520	1
522	1
524	1
526	1
528	1
530	1
532	1
534	1
536	1
538	1
540	1
542	1
544	1
546	1
548	1
550	1
552	1
554	1
556	1
558	1
560	1
562	1
564	1
566	1
568	1
570	1
572	1
574	1
576	1
578	1
580	1
582	1
584	1
586	1
588	1
590	1
592	1
594	1
596	1
598	1
600	1
602	1
604	1
606	1
608	1
610	1
612	1
614	1
616	1
618	1
620	1
622	1
624	1
626	1
628	1
630	1
632	1
634	1
636	1
638	1
640	1
642	1
644	1
646	1
648	1
650	1
652	1
654	1
656	1
658	1
660	1
662	1
664	1
666	1
668	1
670	1
672	1
674	1
676	1
678	1
680	1
682	1
684	1
686	1
688	1
690	1
692	1
694	1
696	1
698	1
700	1