400	0.00321170212765958
401	0.00301086956521739
402	0.00249173913043477
403	0.00217638297872342
404	0.00256510638297872
405	0.00255782608695652
406	0.00233499999999999
407	0.00182217391304348
408	0.00214063829787234
409	0.00251000000000000
410	0.00239829787234043
411	0.00243893617021276
412	0.00241260869565218
413	0.00251478260869565
414	0.00296829787234042
415	0.00261106382978724
416	0.00248000000000000
417	0.00222956521739129
418	0.00163608695652174
419	0.00154723404255319
420	0.00130000000000001
421	0.00161934782608695
422	0.000701217391304345
423	0.00106434782608696
424	0.00165478260869565
425	0.00205574468085106
426	0.00201782608695652
427	0.00170553191489361
428	0.00193702127659574
429	0.00207086956521740
430	0.00164574468085106
431	0.00180500000000000
432	0.00168574468085106
433	0.00195434782608696
434	0.00152404255319148
435	0.000964369565217391
436	0.00115808510638298
437	0.000627434782608706
438	0.000740130434782592
439	0.00148804347826087
440	0.00203304347826088
441	0.00201869565217391
442	0.00111317391304348
443	0.000966304347826083
444	0.000868739130434785
445	0.000941543478260879
446	0.00135217391304348
447	0.00156521739130435
448	0.00227739130434783
449	0.00173347826086956
450	0.00186468085106383
451	0.00113521739130432
452	0.00174956521739131
453	0.00185565217391305
454	0.00195760869565218
455	0.00147782608695652
456	0.00153043478260870
457	0.00184956521739131
458	0.00202000000000000
459	0.00137347826086957
460	0.00121478260869565
461	0.00185652173913042
462	0.00225543478260871
463	0.00300456521739130
464	0.00316673913043479
465	0.00351108695652175
466	0.00263695652173913
467	0.00188499999999999
468	0.00191956521739130
469	0.00280869565217390
470	0.00428847826086958
471	0.00359543478260869
472	0.00292043478260869
473	0.00197304347826086
474	0.00221608695652174
475	0.00263347826086957
476	0.00269347826086956
477	0.00325869565217391
478	0.00370826086956521
479	0.00377956521739130
480	0.00389869565217391
481	0.00311695652173912
482	0.00345869565217390
483	0.00332869565217391
484	0.00387630434782609
485	0.00372733333333333
486	0.00437869565217389
487	0.00509217391304350
488	0.00629608695652174
489	0.00662630434782609
490	0.00715152173913043
491	0.00734586956521739
492	0.00869000000000000
493	0.00943956521739130
494	0.0104291304347826
495	0.0113315217391304
496	0.0124636956521739
497	0.0129162222222222
498	0.0133408695652174
499	0.0142020000000000
500	0.0155682608695652
501	0.0168013333333333
502	0.0178343478260870
503	0.0179200000000000
504	0.0185626086956522
505	0.0194751111111111
506	0.0202417391304348
507	0.0213295555555555
508	0.0216050000000000
509	0.0226660869565217
510	0.0233686666666667
511	0.0242350000000000
512	0.0251882608695652
513	0.0266243478260870
514	0.0278263043478261
515	0.0289147826086956
516	0.0307911111111112
517	0.0329850000000000
518	0.0362734782608694
519	0.0391291304347826
520	0.0419720000000001
521	0.0457665217391304
522	0.0501243478260868
523	0.0558930434782608
524	0.0616102222222223
525	0.0690073333333337
526	0.0769053333333333
527	0.0854723913043476
528	0.0945930434782609
529	0.105673043478261
530	0.117524782608695
531	0.130596521739130
532	0.144983913043478
533	0.159934222222223
534	0.177274222222223
535	0.195728260869564
536	0.216996086956521
537	0.237887777777778
538	0.259343555555555
539	0.283465555555556
540	0.310470869565217
541	0.337443043478261
542	0.364768260869566
543	0.393840000000000
544	0.424515217391306
545	0.455505333333333
546	0.486520000000000
547	0.518449333333334
548	0.551933333333333
549	0.585263913043480
550	0.619473333333333
551	0.653180000000000
552	0.685885333333334
553	0.718281521739130
554	0.747257826086958
555	0.776410666666666
556	0.804556086956522
557	0.831598260869566
558	0.857043111111111
559	0.880122222222223
560	0.901854000000000
561	0.920927777777777
562	0.939060000000000
563	0.953103043478261
564	0.966616222222223
565	0.976481111111111
566	0.987934666666667
567	0.994143043478261
568	0.998311333333333
569	0.998471333333333
570	0.998942000000000
571	0.999881739130435
572	0.998584444444445
573	0.994349111111111
574	0.988681111111111
575	0.978757333333333
576	0.969092666666667
577	0.958366000000000
578	0.947832000000000
579	0.938865869565217
580	0.927977777777778
581	0.916301304347826
582	0.902203333333333
583	0.890176521739131
584	0.878741333333334
585	0.867638043478261
586	0.855895555555555
587	0.844431304347826
588	0.834159555555555
589	0.824759130434783
590	0.813223333333333
591	0.804810000000000
592	0.796853695652174
593	0.789636222222222
594	0.782610000000000
595	0.774306000000000
596	0.767059777777778
597	0.760590444444445
598	0.755671111111111
599	0.749555333333333
600	0.744270444444444
601	0.737347777777778
602	0.732189565217391
603	0.725750666666667
604	0.718987777777778
605	0.713322444444445
606	0.707074000000000
607	0.701410000000000
608	0.693795555555555
609	0.687750000000000
610	0.681110000000000
611	0.673254444444444
612	0.664865555555556
613	0.656056666666667
614	0.649781111111111
615	0.641121111111111
616	0.632530000000000
617	0.622342222222222
618	0.611307777777778
619	0.600660000000000
620	0.589845555555555
621	0.582117777777778
622	0.572463333333333
623	0.562448888888889
624	0.550753333333333
625	0.540400000000000
626	0.529234444444444
627	0.517475555555555
628	0.505663333333333
629	0.494028888888888
630	0.482504000000001
631	0.470356444444444
632	0.458418222222223
633	0.446318000000000
634	0.435476222222222
635	0.423338000000000
636	0.412356222222222
637	0.401427111111111
638	0.390892000000000
639	0.381295555555555
640	0.372224000000000
641	0.364374444444444
642	0.355601333333333
643	0.346412222222223
644	0.335502272727273
645	0.325058888888889
646	0.316895555555556
647	0.310183777777778
648	0.303172444444444
649	0.294970227272727
650	0.288104888888889
651	0.281684666666667
652	0.275512444444444
653	0.270111818181818
654	0.264142444444444
655	0.258386666666666
656	0.251413333333334
657	0.245372272727273
658	0.240340666666667
659	0.234648181818182
660	0.230530000000000
661	0.225262222222222
662	0.220283863636364
663	0.215038222222222
664	0.211380000000000
665	0.206833181818182
666	0.202660000000000
667	0.197655333333333
668	0.192643181818182
669	0.188449090909091
670	0.184338000000000
671	0.181083333333333
672	0.176820909090909
673	0.172801363636364
674	0.168768409090909
675	0.164651555555556
676	0.161392000000000
677	0.156514444444445
678	0.152385777777778
679	0.147245454545454
680	0.143287777777778
681	0.139304318181818
682	0.136357272727273
683	0.133555555555556
684	0.129992000000000
685	0.126145909090909
686	0.122005555555556
687	0.118316666666667
688	0.115717777777778
689	0.112430227272727
690	0.110365454545455
691	0.107347333333333
692	0.104337555555556
693	0.101270000000000
694	0.0978225000000000
695	0.0952050000000000
696	0.0922625000000000
697	0.0895200000000000
698	0.0865837777777778
699	0.0840637777777778
700	0.0818375000000000
701	0.0793300000000000
702	0.0768937777777778
703	0.0746575555555555
704	0.0728406666666667
705	0.0694000000000000
706	0.0681371111111111
707	0.0661246666666667
708	0.0649000000000000
709	0.0628500000000000
710	0.0617877777777778
711	0.0596950000000000
712	0.0578700000000000
713	0.0544700000000000
714	0.0537675000000000
715	0.0514760000000000
716	0.0501937777777778
717	0.0481020000000000
718	0.0471545454545455
719	0.0455036363636364
720	0.0445233333333333
721	0.0436982222222222
722	0.0426081818181818
723	0.0415281818181818
724	0.0404380000000000
725	0.0393326666666667
726	0.0386822727272727
727	0.0379440000000001
728	0.0366368181818182
729	0.0351363636363637
730	0.0341608888888889
731	0.0332270454545454
732	0.0325250000000000
733	0.0309646666666667
734	0.0303500000000000
735	0.0300128888888889
736	0.0294272727272727
737	0.0286797727272726
738	0.0268186363636363
739	0.0259481818181818
740	0.0253300000000000
741	0.0249259090909091
742	0.0244727272727273
743	0.0238160000000000
744	0.0232700000000000
745	0.0230946666666667
746	0.0225709090909091
747	0.0220902272727273
748	0.0212336363636364
749	0.0204509090909091
750	0.0206122727272728
751	0.0207651111111111
752	0.0206315909090909
753	0.0191309090909091
754	0.0179386666666667
755	0.0171763636363636
756	0.0171000000000000
757	0.0167972727272727
758	0.0164562222222222
759	0.0158586363636364
760	0.0154025000000000
761	0.0147590909090909
762	0.0148654545454545
763	0.0142280000000000
764	0.0146150000000000
765	0.0135954545454545
766	0.0137650000000000
767	0.0128931818181818
768	0.0126886363636364
769	0.0122672727272727
770	0.0118450000000000
771	0.0112772727272727
772	0.0105500000000000
773	0.0106186363636364
774	0.0108272727272727
775	0.0105754545454545
776	0.0104236363636363
777	0.0102686363636364
778	0.00990954545454545
779	0.00965045454545454
780	0.00909454545454546
781	0.00876136363636363
782	0.00817409090909090
783	0.00817500000000000
784	0.00809272727272728
785	0.00776363636363640
786	0.00665136363636364
787	0.00654090909090909
788	0.00720704545454548
789	0.00711454545454544
790	0.00687818181818181
791	0.00607999999999999
792	0.00693000000000000
793	0.00696454545454545
794	0.00678636363636365
795	0.00699272727272728
796	0.00693727272727267
797	0.00768069767441859
798	0.00716045454545455
799	0.00686409090909092
800	0.00588000000000000