400	0.00418021276595745
401	0.00373347826086957
402	0.00361130434782609
403	0.00293957446808510
404	0.00310489361702127
405	0.00260521739130434
406	0.00278630434782608
407	0.00190304347826086
408	0.00229234042553192
409	0.00196000000000000
410	0.00164510638297871
411	0.00185319148936170
412	0.00208260869565218
413	0.00247978260869565
414	0.00218893617021276
415	0.00172170212765956
416	0.00189787234042552
417	0.00187391304347825
418	0.00136913043478261
419	0.00105354131914894
420	0.00111826086956522
421	0.00202565217391304
422	0.00199260869565216
423	0.00252347826086956
424	0.00273673913043478
425	0.00237106382978724
426	0.00206782608695652
427	0.00157489361702127
428	0.00120021276595745
429	0.00101521739130435
430	0.00111446536170212
431	0.00152500000000000
432	0.00191127659574467
433	0.00186956521739131
434	0.00145680851063828
435	0.00162391304347826
436	0.00182170212765958
437	0.00173869565217392
438	0.000991661913043474
439	0.00164760869565219
440	0.00140282608695652
441	0.00179391304347826
442	0.000978178956521749
443	0.00121260869565218
444	0.00150413043478261
445	0.00202847826086959
446	0.00240347826086956
447	0.00215478260869566
448	0.00304869565217392
449	0.00244043478260870
450	0.00240617021276595
451	0.00144978260869563
452	0.00177108695652175
453	0.00196326086956522
454	0.00268500000000001
455	0.00277043478260870
456	0.00281652173913044
457	0.00233434782608694
458	0.00224000000000000
459	0.00171869565217391
460	0.00184304347826088
461	0.00247869565217389
462	0.00270891304347826
463	0.00298847826086957
464	0.00350543478260871
465	0.00295434782608694
466	0.00314173913043478
467	0.00223413043478260
468	0.00264413043478261
469	0.00318978260869565
470	0.00471913043478260
471	0.00459543478260869
472	0.00402913043478260
473	0.00292369565217391
474	0.00316608695652174
475	0.00351086956521738
476	0.00407173913043478
477	0.00473130434782609
478	0.00507782608695652
479	0.00525434782608697
480	0.00530130434782608
481	0.00559021739130434
482	0.00636130434782606
483	0.00668239130434783
484	0.00697717391304348
485	0.00694999999999999
486	0.00739434782608695
487	0.00828217391304350
488	0.00980434782608696
489	0.0100543478260869
490	0.0113617391304348
491	0.0115632608695652
492	0.0134600000000000
493	0.0143321739130435
494	0.0164339130434783
495	0.0181576086956522
496	0.0201091304347826
497	0.0217991111111111
498	0.0243260869565218
499	0.0269593333333334
500	0.0305630434782608
501	0.0343420000000000
502	0.0380426086956522
503	0.0411700000000000
504	0.0444439130434782
505	0.0486451111111112
506	0.0527456521739131
507	0.0573448888888888
508	0.0615036956521740
509	0.0659365217391305
510	0.0694619999999999
511	0.0736100000000000
512	0.0783991304347826
513	0.0833639130434785
514	0.0879967391304347
515	0.0930334782608696
516	0.0980044444444446
517	0.104150434782609
518	0.110270434782609
519	0.116650217391304
520	0.123606000000000
521	0.130572608695652
522	0.138688478260869
523	0.147024782608696
524	0.156627111111111
525	0.166776000000000
526	0.177888222222222
527	0.190187173913043
528	0.203667826086957
529	0.218986956521739
530	0.235887826086956
531	0.252853695652174
532	0.271126956521739
533	0.289886222222223
534	0.311299333333334
535	0.334405652173912
536	0.358834782608695
537	0.384776222222222
538	0.409683333333333
539	0.436984444444445
540	0.465337826086956
541	0.496255434782608
542	0.527841739130435
543	0.558835000000000
544	0.589010000000001
545	0.619105333333333
546	0.649510666666666
547	0.681299333333334
548	0.713286666666667
549	0.742978695652175
550	0.771447333333333
551	0.800008666666666
552	0.826929333333334
553	0.851624130434783
554	0.872636521739131
555	0.893109333333333
556	0.914172391304348
557	0.934221304347826
558	0.952227555555556
559	0.964674444444445
560	0.975103111111111
561	0.983915555555555
562	0.990515000000000
563	0.994459565217391
564	0.996573111111111
565	0.998177777777778
566	0.999744888888889
567	0.998478260869565
568	0.994534000000000
569	0.988198000000000
570	0.982606666666667
571	0.974259565217391
572	0.968257777777778
573	0.957705333333333
574	0.948296000000000
575	0.936103333333333
576	0.925792222222223
577	0.913942000000000
578	0.902366000000000
579	0.889435652173913
580	0.877602222222222
581	0.865447826086956
582	0.853236444444444
583	0.843003695652174
584	0.831290666666667
585	0.821506086956522
586	0.811208888888889
587	0.801934782608696
588	0.792568000000000
589	0.783530869565218
590	0.774763333333333
591	0.768727777777778
592	0.762393695652174
593	0.756977777777778
594	0.750278000000000
595	0.744200000000000
596	0.737882222222222
597	0.732684000000000
598	0.725933555555556
599	0.720503333333333
600	0.712543111111111
601	0.706059777777778
602	0.699652173913043
603	0.692460000000000
604	0.683874000000000
605	0.675252222222223
606	0.666562000000000
607	0.660220000000000
608	0.651157777777778
609	0.642558888888889
610	0.633643333333333
611	0.623196666666666
612	0.613494444444445
613	0.601963333333333
614	0.592274444444445
615	0.582765555555556
616	0.571880000000000
617	0.561060000000000
618	0.550323333333333
619	0.539646666666667
620	0.530036666666666
621	0.519473333333334
622	0.507510000000000
623	0.496124444444445
624	0.483991111111111
625	0.473910000000000
626	0.463044444444444
627	0.451524444444444
628	0.440666666666667
629	0.430024444444444
630	0.418724000000001
631	0.407463111111111
632	0.397016000000001
633	0.387400000000000
634	0.377497777777778
635	0.365802666666667
636	0.357119111111111
637	0.348598222222222
638	0.340564666666667
639	0.331026444444444
640	0.322338000000000
641	0.315231555555555
642	0.307558666666666
643	0.299543111111111
644	0.291970909090909
645	0.283782222222222
646	0.276771111111111
647	0.270381555555556
648	0.265072666666667
649	0.259049772727273
650	0.253283555555556
651	0.247582000000000
652	0.242496666666667
653	0.237458636363637
654	0.231848666666667
655	0.227488666666666
656	0.221044444444445
657	0.216587954545455
658	0.211990666666667
659	0.208756363636364
660	0.204488181818182
661	0.198747111111111
662	0.193193181818182
663	0.188255555555556
664	0.185290000000000
665	0.181164090909091
666	0.176836666666667
667	0.171635777777778
668	0.167505454545454
669	0.163850000000000
670	0.160396444444444
671	0.156313333333333
672	0.151528181818182
673	0.147349090909091
674	0.143793181818182
675	0.140510888888889
676	0.136717333333333
677	0.132183333333333
678	0.128389555555556
679	0.125090454545454
680	0.122265777777778
681	0.119043181818182
682	0.115718636363636
683	0.112436666666667
684	0.109696000000000
685	0.106995454545455
686	0.103747555555556
687	0.100986000000000
688	0.0974677777777778
689	0.0941963636363637
690	0.0908963636363637
691	0.0890220000000000
692	0.0869308888888889
693	0.0840500000000000
694	0.0814250000000000
695	0.0785900000000000
696	0.0762600000000000
697	0.0736600000000000
698	0.0713228888888889
699	0.0694028888888889
700	0.0680150000000000
701	0.0656100000000000
702	0.0640135555555556
703	0.0619093333333333
704	0.0602940000000000
705	0.0580400000000000
706	0.0561204444444444
707	0.0549166666666667
708	0.0528425000000000
709	0.0511900000000000
710	0.0499648888888889
711	0.0487600000000000
712	0.0475075000000000
713	0.0458100000000000
714	0.0450950000000000
715	0.0436577777777778
716	0.0421891111111111
717	0.0406368888888889
718	0.0389963636363636
719	0.0379211363636364
720	0.0372311111111111
721	0.0368391111111111
722	0.0364379545454546
723	0.0355245454545455
724	0.0341000000000000
725	0.0331180000000001
726	0.0315050000000000
727	0.0308164444444445
728	0.0300743181818182
729	0.0293418181818182
730	0.0285600000000000
731	0.0275856818181818
732	0.0266195454545454
733	0.0262773333333334
734	0.0254943181818182
735	0.0245922222222222
736	0.0234081818181818
737	0.0229150000000000
738	0.0224597727272727
739	0.0219209090909091
740	0.0204836363636364
741	0.0202288636363636
742	0.0199802272727273
743	0.0200053333333333
744	0.0199600000000000
745	0.0191966666666667
746	0.0186013636363636
747	0.0173097727272727
748	0.0168400000000000
749	0.0166390909090909
750	0.0167554545454545
751	0.0163853333333334
752	0.0161509090909091
753	0.0155415909090909
754	0.0146328888888889
755	0.0141763636363636
756	0.0137954545454546
757	0.0137827272727273
758	0.0133873333333333
759	0.0129388636363636
760	0.0126700000000000
761	0.0119827272727273
762	0.0118768181818182
763	0.0115880000000000
764	0.0113586363636364
765	0.0101790909090909
766	0.00935954545454542
767	0.00950454545454544
768	0.00966090909090910
769	0.00979181818181818
770	0.00953090909090909
771	0.00904863636363636
772	0.00901000000000000
773	0.00905272727272727
774	0.00932454545454546
775	0.00893090909090909
776	0.00813090909090905
777	0.00755272727272727
778	0.00678772727272731
779	0.00656772727272725
780	0.00667590909090909
781	0.00697681818181819
782	0.00649363636363635
783	0.00641500000000000
784	0.00610636363636364
785	0.00569181818181819
786	0.00484250000000000
787	0.00478636363636365
788	0.00571022727272730
789	0.00600568181818181
790	0.00603818181818180
791	0.00531181818181817
792	0.00573000000000000
793	0.00619181818181818
794	0.00633159090909088
795	0.00660863636363638
796	0.00589522727272729
797	0.00604325581395350
798	0.00541545454545455
799	0.00521454545454547
800	0.00477500000000000