2.19434e-05	2.16514e-05	2.08411e-05	1.96259e-05	1.79666e-05	1.55367e-05	1.19812e-05	7.50647e-06	2.87992e-06	1.82087e-17	
2.24546e-05	2.23513e-05	2.20909e-05	2.17198e-05	2.10034e-05	1.91851e-05	1.54434e-05	9.97543e-06	3.90987e-06	2.50697e-17	
2.35475e-05	2.3723e-05	2.42913e-05	2.52243e-05	2.59423e-05	2.48824e-05	2.05581e-05	1.34624e-05	5.33135e-06	3.42447e-17	
2.67872e-05	2.6926e-05	2.73184e-05	2.76989e-05	2.70918e-05	2.39815e-05	1.81626e-05	1.1181e-05	4.297e-06	2.74492e-17	
3.64629e-05	3.68544e-05	3.79036e-05	3.8888e-05	3.78686e-05	3.27918e-05	2.43962e-05	1.50113e-05	5.81337e-06	3.71973e-17	
0.000142937	0.000143858	0.000145238	0.000142073	0.000126818	9.85296e-05	6.66666e-05	3.84097e-05	1.43228e-05	9.07082e-17	
0.000382062	0.000383578	0.000382753	0.000363455	0.000309956	0.000231528	0.000154042	8.86838e-05	3.31865e-05	2.10612e-16	
0.000988691	0.000985179	0.000958693	0.000871075	0.000706858	0.000511274	0.000337252	0.000194973	7.34037e-05	4.67708e-16	
0.00347974	0.00343378	0.00324469	0.00282268	0.00220204	0.0015629	0.00103068	0.000600301	0.000227556	1.44877e-15	
0.0115783	0.011311	0.0103948	0.00873186	0.00664684	0.00469331	0.0031211	0.00183988	0.000703858	4.51888e-15	
 0.02334	0.0226005	0.0203071	0.0166545	0.0125318	0.00888395	0.0059831	0.00357456	0.00138028	8.81943e-15	
0.0290395	 0.02793	0.0247029	0.0199882	0.015014	0.0107485	0.00734744	0.00445069	0.00173438	1.11473e-14	
0.0265956	0.0254662	0.0223177	0.0179694	0.0135664	0.00984211	0.00683558	0.0041975	0.00165007	1.06281e-14	
0.0221692	0.0211793	0.018494	0.0149131	0.0113682	0.00837432	0.00591093	0.00367793	0.00145775	9.46377e-15	
0.019099	0.0182347	0.0159297	0.0129189	0.00996863	0.00746145	0.00535006	0.00337043	0.00134597	8.74288e-15	
0.0176108	0.0168246	0.0147486	0.0120652	0.00944031	0.00718272	0.00523004	0.00333383	0.00134069	8.64979e-15	
0.0167234	0.0159999	0.0140993	0.0116527	0.00925049	0.00715237	0.00528465	0.00340563	0.00137826	8.97816e-15	
0.0153071	0.0146743	0.0130151	0.0108783	0.00876461	0.0068845	0.00515834	0.00335828	0.00136695	8.90352e-15	
0.0131141	0.0126031	0.0112627	0.00953019	0.00779813	0.00622421	0.00472883	0.00310931	0.00127255	8.30837e-15	
0.0108782	0.0104856	0.00945367	0.00811115	0.00675017	0.00548099	0.00422558	0.0028071	0.00115527	7.57484e-15	
0.00928299	0.00898074	0.00818313	0.00713587	0.00605477	0.0050125	0.00392798	0.00263908	0.00109272	7.14736e-15	
0.00840959	0.00817004	0.00753456	0.00668998	0.00579749	0.00489952	0.0039051	0.00265382	0.00110535	7.26225e-15	
0.00808475	0.00788777	0.00736218	0.00665412	0.00588542	0.00507215	0.00410661	0.00281934	0.00118022	7.72889e-15	
0.00794334	0.00777909	0.00733836	0.0067365	0.006064	0.0053129	0.00435669	0.00301437	0.00126625	8.315e-15	
0.00770733	0.00757158	0.00720554	0.00669924	0.00611666	0.00542906	0.0044947	0.00312624	0.00131571	8.62813e-15	
0.00726008	0.00715091	0.00685527	0.00644131	0.00595023	0.0053367	0.00445038	0.00310605	0.00130816	8.59686e-15	
0.00660481	0.00651996	0.00628933	0.00596237	0.00556148	0.00503003	0.00421714	0.00294883	0.00124163	8.15885e-15	
0.00587945	0.00581557	0.00564132	0.00539084	0.00507164	0.00461995	0.00388939	0.00272203	0.00114511	7.53578e-15	
0.00529917	0.00525116	0.00511975	0.00492776	0.00467144	0.00428147	0.00361561	0.0025304	0.00106295	6.97837e-15	
0.00483361	0.00479786	0.00469955	0.00455287	0.00434519	0.0040027	0.00338702	0.00236821	0.000992807	6.51678e-15	
0.00446559	0.00443935	0.00436676	0.00425518	0.00408481	0.00377792	0.00319968	0.00223305	0.000933712	6.09055e-15	
0.00415359	0.00413506	0.00408339	0.0040005	0.00386056	0.00358245	0.00303479	0.0021129	0.000880941	5.76457e-15	
0.00386207	0.0038501	0.00381626	0.00375795	0.00364428	0.00339148	0.00287223	0.00199421	0.000828939	5.41208e-15	
0.00355824	0.00355188	0.00353342	0.00349653	0.00340639	0.00317801	0.00268964	0.0018618	0.000771509	5.02601e-15	
0.00323301	0.00323243	0.00323002	0.00321624	0.00315282	0.0029536	0.00250178	0.00172875	0.000714821	4.66017e-15	
0.00295488	0.00296122	0.00297833	0.00299342	0.00296364	0.00279844	0.00238041	0.00164654	0.00068061	4.42368e-15	
0.00274326	0.00275904	0.00280316	0.00285886	0.002876	0.00275336	0.00236375	0.00164291	0.00068054	4.43782e-15	
0.0025979	0.00262786	0.00271291	0.00283068	0.0029189	0.00285524	0.00248891	0.00174567	0.000726482	4.74854e-15	
0.00264408	0.00269311	0.00283319	0.00303358	0.0032121	0.00321069	0.00283878	0.00200668	0.000838275	5.45954e-15	
0.00278408	0.0028551	0.00305847	0.00335293	0.00363076	0.00368936	0.00329206	0.00233636	0.00097748	6.3966e-15	
0.00300139	0.00309401	0.00335914	0.00374342	0.00411057	0.00421104	0.00376632	0.00267093	0.0011162	7.29426e-15	
0.00320829	0.00331658	0.00362581	0.00407128	0.0044916	0.00460114	0.00409934	0.00289333	0.00120522	7.85198e-15	
0.00333529	0.00345137	0.00378147	0.0042519	0.00468354	0.00477214	0.00421921	0.00295711	0.00122641	7.97706e-15	
0.00336863	0.00348465	0.00381273	0.00427317	0.00467819	0.00472342	0.00413369	0.0028729	0.00118554	7.71622e-15	
0.00330254	0.0034128	0.00372248	0.00414886	0.00450373	0.00449751	0.00389161	0.0026808	0.00110064	7.17279e-15	
0.00317046	0.00327197	0.00355473	0.00393524	0.00423054	0.00417458	0.0035701	0.00243774	0.000995917	6.48174e-15	
0.00301909	0.00311069	0.00336333	0.00369405	0.00392823	0.00382709	0.00323385	0.00218897	0.000890031	5.77264e-15	
0.00282608	0.00290764	0.00313014	0.00341251	0.00359115	0.00345625	0.00288786	0.00193935	0.000785219	5.10086e-15	
0.00264958	0.00272265	0.00291961	0.00316111	0.00329374	0.00313359	0.00259115	0.00172771	0.000696944	4.52166e-15	
0.0025173	0.00258379	0.00276065	0.00296928	0.00306434	0.00288341	0.00236134	0.00156439	0.000629021	4.0682e-15	
0.00245702	0.002518	0.00267768	0.00285715	0.00291711	0.00271327	0.00220066	0.00144899	0.000580881	3.76097e-15	
0.00243686	0.00249279	0.00263645	0.00278819	0.00281415	0.00258656	0.00207796	0.00136014	0.000543728	3.5027e-15	
0.00242542	0.00247621	0.0026037	0.00272792	0.00272116	0.00247187	0.00196778	0.00128097	0.000510773	3.31183e-15	
0.00233968	0.00238443	0.00249388	0.00259041	0.00255623	0.0022976	0.00181458	0.00117586	0.000467917	3.01114e-15	
0.00226662	0.00230515	0.00239619	0.00246515	0.00240473	0.00213806	0.00167525	0.00108071	0.000429212	2.76413e-15	
0.00214264	0.00217416	0.00224532	0.00228694	0.002205	0.00193968	0.00150836	0.000968999	0.000384154	2.46745e-15	
0.00197735	0.00200231	0.00205547	0.00207445	0.00197908	0.00172463	0.00133254	0.000853174	0.00033778	2.16608e-15	
0.00182968	0.00184856	0.0018853	0.00188428	0.00177823	0.0015351	0.00117868	0.000752214	0.000297423	1.91502e-15	
0.00167165	0.00168498	0.00170711	0.00168969	0.00157776	0.00134991	0.00103044	0.000655667	0.000258948	1.66247e-15	
0.00150746	0.0015159	0.00152561	0.0014956	0.00138226	0.00117268	0.000890354	0.000565023	0.000222925	1.43778e-15	
0.00133466	0.00133963	0.00134111	0.00130476	0.00119632	0.0010086	0.000763003	0.000483487	0.000190685	1.2254e-15	
