0.967464	0.963998	0.962158	0.961259	0.960853	0.960696	0.960664	0.960696	 0.96076	 0.96084	0.960926	0.961015	0.961104	0.961191	0.961275	0.961356	0.961433	0.961507	0.961578	0.961645	0.961709	0.961769	0.961828	0.961884	 0.96194	0.961997	 0.96206	0.962137	0.962245	0.962421	0.962744	
 0.97996	0.979317	0.978949	0.978723	0.978576	0.978476	0.978409	0.978365	0.978341	0.978334	0.978341	0.978361	0.978392	0.978435	0.978487	0.978548	0.978617	0.978694	0.978778	0.978869	0.978968	0.979075	0.979192	0.979323	0.979473	0.979658	0.979908	 0.98028	0.980898	0.981989	0.983918	
0.999934	0.999783	0.999385	 0.99854	0.997119	  0.9952	0.993034	0.990886	0.988929	0.987236	0.985808	0.984614	0.983613	0.982767	0.982042	 0.98141	0.980851	0.980349	0.979892	 0.97947	0.979077	0.978708	0.978358	0.978027	0.977712	0.977415	0.977139	  0.9769	0.976746	0.976851	0.977816	

0.965282	0.962916	0.961735	 0.96119	0.960968	0.960907	0.960925	0.960982	0.961058	0.961142	0.961229	0.961315	  0.9614	0.961481	0.961559	0.961633	0.961703	0.961769	0.961831	0.961889	0.961944	0.961995	0.962043	0.962088	0.962131	0.962174	0.962218	0.962267	 0.96233	0.962424	0.962588	
 0.97866	0.978404	0.978257	0.978171	0.978122	0.978097	0.978092	0.978103	0.978127	0.978163	 0.97821	0.978266	0.978331	0.978404	0.978483	 0.97857	0.978662	0.978761	0.978864	0.978973	0.979086	0.979206	0.979332	0.979466	0.979615	0.979785	0.979998	 0.98029	0.980743	0.981515	0.982891	
0.999892	0.999656	0.999057	0.997839	0.995908	0.993498	0.991007	0.988743	0.986833	0.985279	0.984026	 0.98301	0.982175	0.981475	0.980876	0.980352	0.979886	0.979462	0.979073	 0.97871	0.978369	0.978046	0.977739	0.977445	0.977164	0.976897	0.976644	 0.97641	0.976213	0.976109	0.976303	

0.963674	0.962133	0.961405	0.961096	0.960993	0.960992	0.961039	0.961111	0.961192	0.961277	0.961361	0.961444	0.961523	0.961599	 0.96167	0.961737	  0.9618	0.961858	0.961913	0.961963	0.962009	0.962052	0.962091	0.962127	 0.96216	0.962192	0.962222	0.962254	0.962293	0.962346	0.962434	
 0.97787	0.977778	 0.97774	0.977734	0.977748	0.977779	0.977822	0.977876	0.977939	 0.97801	0.978089	0.978175	0.978267	0.978365	0.978468	0.978575	0.978687	0.978803	0.978922	0.979044	 0.97917	  0.9793	0.979434	0.979573	0.979721	0.979883	0.980072	0.980312	0.980655	0.981206	0.982169	
0.999804	0.999402	0.998432	0.996593	0.993955	0.991033	0.988364	0.986188	0.984502	0.983208	0.982205	0.981408	0.980757	 0.98021	0.979738	0.979319	0.978941	0.978593	0.978268	0.977962	0.977672	0.977395	 0.97713	0.976876	0.976634	0.976402	0.976183	0.975979	0.975796	0.975659	0.975649	

0.962491	0.961504	0.961065	0.960899	0.960868	  0.9609	0.960964	 0.96104	0.961122	0.961204	0.961284	 0.96136	0.961433	0.961502	0.961566	0.961626	0.961681	0.961732	0.961779	0.961821	 0.96186	0.961895	0.961926	0.961953	0.961978	   0.962	0.962021	 0.96204	0.962062	 0.96209	0.962135	
0.977359	0.977369	0.977402	 0.97745	0.977511	 0.97758	0.977658	0.977743	0.977835	0.977932	0.978035	0.978142	0.978254	0.978369	0.978488	 0.97861	0.978734	0.978862	0.978991	0.979123	0.979256	0.979392	0.979531	0.979672	0.979819	0.979976	0.980149	0.980355	0.980627	0.981034	0.981716	
0.999612	0.998874	0.997227	0.994454	0.991051	0.987871	0.985371	0.983551	0.982242	 0.98128	0.980546	0.979964	0.979483	 0.97907	0.978706	0.978376	0.978072	0.977788	0.977519	0.977263	0.977018	0.976784	0.976559	0.976345	 0.97614	0.975946	0.975763	0.975593	0.975438	0.975306	0.975221	

0.961535	0.960918	0.960664	0.960589	0.960599	 0.96065	0.960719	0.960795	0.960873	 0.96095	0.961023	0.961093	0.961158	0.961219	0.961276	0.961328	0.961375	0.961418	0.961457	0.961492	0.961522	0.961549	0.961573	0.961593	 0.96161	0.961625	0.961638	 0.96165	0.961664	0.961684	0.961717	
0.977134	0.977179	0.977245	0.977323	0.977409	0.977503	0.977603	0.977707	0.977817	 0.97793	0.978047	0.978167	 0.97829	0.978416	0.978544	0.978674	0.978806	0.978939	0.979073	0.979209	0.979346	0.979484	0.979624	0.979765	0.979909	0.980059	 0.98022	0.980402	0.980626	0.980936	0.981426	
0.999184	0.997782	0.995026	0.991186	0.987408	0.984518	0.982554	0.981245	0.980343	0.979687	 0.97918	0.978767	0.978415	0.978104	0.977821	0.977558	0.977312	0.977078	0.976854	 0.97664	0.976435	 0.97624	0.976053	0.975876	0.975709	0.975553	0.975408	0.975276	 0.97516	0.975067	0.975021	

0.960678	0.960307	0.960172	0.960151	0.960185	0.960244	0.960313	0.960386	0.960458	0.960527	0.960592	0.960654	0.960711	0.960763	0.960811	0.960855	0.960894	0.960929	 0.96096	0.960987	 0.96101	 0.96103	0.961046	0.961059	0.961069	0.961077	0.961083	0.961088	0.961095	0.961107	 0.96113	
0.977021	0.977111	0.977206	0.977306	0.977411	 0.97752	0.977633	0.977748	0.977867	0.977989	0.978114	 0.97824	0.978368	0.978498	 0.97863	0.978763	0.978896	0.979031	0.979166	0.979302	0.979438	0.979575	0.979712	0.979851	 0.97999	0.980134	0.980283	0.980446	0.980635	0.980879	0.981238	
0.998273	 0.99572	0.991618	0.987209	0.983828	0.981665	0.980335	0.979483	0.978894	0.978454	  0.9781	  0.9778	0.977534	0.977291	0.977064	0.976851	0.976647	0.976453	0.976268	0.976091	0.975922	0.975762	0.975612	0.975471	0.975341	0.975221	0.975113	0.975017	0.974934	0.974863	0.974807	

0.959807	0.959615	0.959564	0.959581	 0.95963	0.959691	0.959758	0.959824	0.959888	0.959949	0.960006	0.960058	0.960106	 0.96015	 0.96019	0.960225	0.960256	0.960282	0.960305	0.960325	 0.96034	0.960352	0.960361	0.960367	 0.96037	0.960371	0.960369	0.960365	0.960359	0.960352	0.960343	
0.977054	0.977156	0.977261	0.977371	0.977483	0.977598	0.977716	0.977837	0.977959	0.978084	 0.97821	0.978338	0.978467	0.978597	0.978728	0.978859	0.978992	0.979124	0.979257	0.979389	0.979522	0.979655	0.979787	 0.97992	0.980053	0.980188	0.980327	0.980472	0.980633	0.980826	0.981087	
0.996521	0.992455	0.987484	0.983469	0.980977	0.979554	0.978713	0.978167	0.977775	0.977467	0.977208	0.976978	0.976769	0.976573	0.976389	0.976213	0.976047	0.975888	0.975737	0.975595	0.975462	0.975337	0.975223	0.975119	0.975025	0.974943	0.974872	0.974814	0.974768	0.974736	0.974716	

0.958984	0.958882	 0.95887	0.958901	0.958952	0.959009	0.959068	0.959126	0.959181	0.959232	0.959279	0.959322	0.959361	0.959396	0.959426	0.959453	0.959476	0.959494	 0.95951	0.959521	 0.95953	0.959535	0.959538	0.959537	0.959535	 0.95953	0.959523	0.959514	0.959503	0.959492	 0.95948	
0.977144	0.977251	0.977361	0.977474	0.977589	0.977706	0.977825	0.977946	0.978068	0.978192	0.978317	0.978442	0.978569	0.978696	0.978823	0.978951	0.979079	0.979206	0.979334	0.979462	0.979589	0.979715	0.979842	0.979968	0.980094	0.980221	0.980349	0.980482	0.980624	0.980787	0.980991	
0.993746	0.988469	0.983671	0.980619	0.978962	0.978058	0.977517	0.977152	0.976875	0.976647	0.976448	0.976268	  0.9761	0.975943	0.975795	0.975655	0.975524	  0.9754	0.975285	0.975179	0.975081	0.974994	0.974917	 0.97485	0.974794	0.974749	0.974716	0.974695	0.974687	 0.97469	0.974705	

 0.95812	0.958077	0.958089	0.958126	0.958174	0.958224	0.958275	0.958323	0.958367	0.958409	0.958446	0.958479	0.958508	0.958534	0.958555	0.958573	0.958587	0.958598	0.958606	 0.95861	0.958612	0.958611	0.958607	0.958601	0.958593	0.958583	0.958571	0.958559	0.958545	 0.95853	0.958515	
0.977256	0.977365	0.977476	0.977588	0.977703	0.977819	0.977936	0.978054	0.978174	0.978294	0.978415	0.978536	0.978658	 0.97878	0.978902	0.979024	0.979145	0.979267	0.979388	0.979509	0.979629	0.979749	0.979868	0.979986	0.980105	0.980223	0.980341	0.980462	0.980589	0.980727	 0.98089	
0.990315	0.984728	0.980774	0.978622	0.977524	0.976926	0.976556	0.976296	 0.97609	0.975916	0.975762	0.975621	0.975491	0.975369	0.975257	0.975152	0.975056	0.974969	0.974891	0.974821	0.974761	0.974711	0.974672	0.974642	0.974624	0.974616	0.974619	0.974634	0.974659	0.974696	0.974744	

0.957218	  0.9572	0.957219	0.957254	0.957295	0.957337	0.957377	0.957415	 0.95745	0.957481	0.957509	0.957533	0.957553	 0.95757	0.957583	0.957593	0.957599	0.957603	0.957604	0.957602	0.957598	0.957591	0.957582	0.957571	0.957559	0.957545	 0.95753	0.957514	0.957498	0.957481	0.957465	
0.977401	0.977508	0.977617	0.977727	0.977838	0.977951	0.978064	0.978178	0.978292	0.978407	0.978522	0.978638	0.978753	0.978869	0.978984	0.979099	0.979213	0.979328	0.979441	0.979554	0.979666	0.979778	0.979889	0.979999	0.980109	0.980218	0.980327	0.980438	0.980551	0.980672	 0.98081	
0.986895	0.981746	0.978692	0.977168	0.976408	 0.97599	0.975724	0.975532	0.975378	0.975247	0.975132	0.975028	0.974933	0.974848	0.974771	0.974703	0.974644	0.974593	0.974552	 0.97452	0.974497	0.974484	0.974481	0.974488	0.974505	0.974532	0.974569	0.974616	0.974673	 0.97474	0.974816	

0.956284	0.956295	0.956323	0.956356	0.956391	0.956425	0.956456	0.956484	0.956509	0.956531	0.956549	0.956563	0.956575	0.956583	0.956588	 0.95659	0.956589	0.956586	 0.95658	0.956572	0.956562	 0.95655	0.956537	0.956522	0.956505	0.956488	 0.95647	0.956452	0.956434	0.956416	0.956398	
0.977577	0.977681	0.977787	0.977893	0.977999	0.978107	0.978215	0.978323	0.978431	 0.97854	0.978648	0.978756	0.978865	0.978972	 0.97908	0.979187	0.979294	  0.9794	0.979505	 0.97961	0.979713	0.979816	0.979919	 0.98002	 0.98012	 0.98022	 0.98032	0.980419	0.980519	0.980623	0.980734	
0.983939	0.979551	0.977238	0.976139	0.975598	  0.9753	 0.97511	0.974974	0.974867	0.974778	0.974703	0.974638	0.974582	0.974536	0.974498	0.974468	0.974447	0.974435	0.974432	0.974437	0.974452	0.974475	0.974508	0.974549	  0.9746	0.974659	0.974726	0.974803	0.974887	0.974979	 0.97508	

0.955346	0.955349	0.955368	0.955392	0.955417	0.955442	0.955464	0.955483	  0.9555	0.955513	0.955523	 0.95553	0.955535	0.955536	0.955535	0.955531	0.955525	0.955517	0.955507	0.955494	0.955481	0.955465	0.955449	0.955431	0.955413	0.955394	0.955375	0.955356	0.955338	 0.95532	0.955304	
0.977571	0.977673	0.977775	0.977878	0.977982	0.978085	0.978189	0.978293	0.978396	  0.9785	0.978603	0.978707	0.978809	0.978912	0.979013	0.979115	0.979215	0.979315	0.979414	0.979513	 0.97961	0.979707	0.979803	0.979898	0.979992	0.980085	0.980178	0.980271	0.980365	0.980461	0.980564	
0.981894	0.978464	0.976813	0.976065	0.975712	0.975528	0.975421	0.975353	0.975307	0.975276	0.975255	0.975244	 0.97524	0.975245	0.975256	0.975275	0.975302	0.975335	0.975376	0.975424	0.975479	0.975541	0.975609	0.975685	0.975766	0.975854	0.975948	0.976048	0.976153	0.976263	0.976379	

0.954838	0.954825	0.954828	0.954837	0.954847	0.954857	0.954866	0.954871	0.954875	0.954875	0.954873	0.954868	0.954861	0.954852	 0.95484	0.954826	0.954809	0.954792	0.954772	0.954751	0.954729	0.954706	0.954682	0.954657	0.954632	0.954607	0.954583	0.954559	0.954536	0.954514	0.954494	
0.977659	0.977757	0.977855	0.977954	0.978052	0.978151	0.978249	0.978348	0.978446	0.978543	0.978641	0.978738	0.978834	 0.97893	0.979025	 0.97912	0.979214	0.979307	0.979399	 0.97949	0.979581	0.979671	 0.97976	0.979847	0.979935	0.980021	0.980107	0.980193	 0.98028	0.980369	0.980465	
0.979515	0.976564	0.975196	0.974581	0.974289	0.974137	 0.97405	0.973996	0.973962	0.973943	0.973934	0.973935	0.973945	0.973963	0.973989	0.974024	0.974066	0.974116	0.974173	0.974238	0.974311	 0.97439	0.974477	 0.97457	 0.97467	0.974776	0.974887	0.975005	0.975128	0.975255	0.975388	

0.954128	0.954143	0.954156	0.954165	0.954171	0.954174	0.954174	0.954171	0.954165	0.954157	0.954146	0.954133	0.954117	0.954099	 0.95408	0.954058	0.954035	0.954011	0.953985	0.953958	 0.95393	0.953902	0.953873	0.953844	0.953815	0.953787	0.953759	0.953732	0.953707	0.953683	0.953662	
0.978035	0.978126	0.978218	0.978309	  0.9784	0.978491	0.978582	0.978672	0.978762	0.978852	0.978941	0.979029	0.979116	0.979203	 0.97929	0.979375	 0.97946	0.979544	0.979627	0.979709	 0.97979	 0.97987	0.979949	0.980028	0.980105	0.980181	0.980257	0.980331	0.980404	0.980476	0.980548	
0.977937	0.975541	0.974473	0.974006	0.973795	0.973696	0.973649	 0.97363	0.973629	0.973641	0.973663	0.973694	0.973733	0.973781	0.973836	0.973898	0.973967	0.974043	0.974127	0.974216	0.974312	0.974415	0.974523	0.974636	0.974755	0.974879	0.975007	 0.97514	0.975277	0.975417	 0.97556	

0.953601	0.953606	0.953607	0.953606	0.953601	0.953594	0.953584	0.953572	0.953557	 0.95354	 0.95352	0.953498	0.953475	0.953449	0.953422	0.953394	0.953364	0.953333	0.953301	0.953268	0.953235	0.953201	0.953168	0.953134	0.953102	0.953069	0.953038	0.953009	0.952981	0.952955	0.952931	
 0.97818	0.978267	0.978355	0.978442	0.978528	0.978615	  0.9787	0.978786	 0.97887	0.978954	0.979038	 0.97912	0.979202	0.979283	0.979364	0.979443	0.979522	  0.9796	0.979677	0.979753	0.979828	0.979902	0.979975	0.980047	0.980118	0.980188	0.980257	0.980325	0.980393	0.980459	0.980524	
0.976628	0.974707	 0.97388	0.973534	0.973392	0.973339	0.973329	0.973343	0.973373	0.973414	0.973464	0.973523	 0.97359	0.973663	0.973744	0.973832	0.973925	0.974025	0.974131	0.974242	0.974359	 0.97448	0.974607	0.974737	0.974872	0.975011	0.975153	0.975298	0.975446	0.975596	0.975748	

0.953168	0.953163	0.953154	0.953143	0.953129	0.953113	0.953094	0.953073	0.953049	0.953024	0.952996	0.952967	0.952935	0.952903	0.952869	0.952833	0.952797	 0.95276	0.952722	0.952683	0.952645	0.952606	0.952568	 0.95253	0.952493	0.952457	0.952423	 0.95239	0.952359	0.952331	0.952305	
0.978289	0.978373	0.978457	0.978541	0.978624	0.978707	0.978788	 0.97887	 0.97895	 0.97903	0.979109	0.979187	0.979265	0.979341	0.979417	0.979492	0.979566	0.979639	0.979711	0.979782	0.979852	0.979921	0.979989	0.980056	0.980122	0.980187	0.980251	0.980315	0.980377	0.980438	0.980498	
0.975767	 0.97426	0.973635	0.973388	0.973302	0.973287	0.973308	0.973349	0.973403	0.973468	0.973541	0.973621	0.973708	0.973802	0.973902	0.974007	0.974118	0.974234	0.974355	0.974481	0.974611	0.974745	0.974882	0.975023	0.975167	0.975314	0.975463	0.975614	0.975766	0.975921	0.976076	

0.952798	0.952783	0.952766	0.952746	0.952724	  0.9527	0.952673	0.952644	0.952613	 0.95258	0.952545	0.952509	0.952471	0.952432	0.952391	 0.95235	0.952308	0.952265	0.952222	0.952178	0.952135	0.952092	0.952049	0.952007	0.951966	0.951927	0.951889	0.951853	0.951819	0.951789	0.951761	
0.978398	 0.97848	0.978561	0.978642	0.978722	0.978801	0.978879	0.978957	0.979034	 0.97911	0.979185	 0.97926	0.979333	0.979406	0.979477	0.979548	0.979618	0.979687	0.979754	0.979821	0.979887	0.979951	0.980015	0.980078	 0.98014	  0.9802	 0.98026	0.980319	0.980376	0.980433	0.980489	
 0.97511	0.973951	0.973491	0.973326	0.973286	0.973304	0.973351	0.973415	 0.97349	0.973574	0.973666	0.973764	0.973868	0.973978	0.974094	0.974214	0.974338	0.974467	  0.9746	0.974737	0.974877	 0.97502	0.975166	0.975314	0.975465	0.975617	0.975771	0.975925	0.976081	0.976237	0.976394	

 0.95249	0.952467	0.952442	0.952415	0.952385	0.952353	 0.95232	0.952284	0.952246	0.952206	0.952165	0.952122	0.952078	0.952033	0.951987	 0.95194	0.951892	0.951844	0.951796	0.951748	  0.9517	0.951652	0.951605	0.951559	0.951515	0.951472	 0.95143	0.951392	0.951355	0.951322	0.951292	
0.978583	0.978661	0.978739	0.978815	0.978891	0.978966	 0.97904	0.979114	0.979186	0.979258	0.979328	0.979398	0.979467	0.979535	0.979602	0.979668	0.979733	0.979797	 0.97986	0.979921	0.979982	0.980042	0.980101	0.980159	0.980216	0.980272	0.980327	 0.98038	0.980433	0.980485	0.980536	
0.974631	0.973746	0.973413	0.973313	0.973312	0.973358	0.973427	 0.97351	0.973604	0.973705	0.973813	0.973927	0.974045	0.974169	0.974297	 0.97443	0.974566	0.974705	0.974848	0.974994	0.975142	0.975292	0.975445	0.975599	0.975754	 0.97591	0.976067	0.976224	0.976382	0.976539	0.976696	

0.952244	0.952214	0.952182	0.952148	0.952112	0.952073	0.952033	 0.95199	0.951946	  0.9519	0.951853	0.951805	0.951755	0.951704	0.951653	  0.9516	0.951548	0.951495	0.951442	0.951389	0.951336	0.951285	0.951234	0.951184	0.951136	0.951089	0.951045	0.951003	0.950963	0.950927	0.950895	
0.978877	 0.97895	0.979022	0.979093	0.979164	0.979233	0.979302	 0.97937	0.979437	0.979503	0.979568	0.979632	0.979695	0.979757	0.979818	0.979878	0.979937	0.979996	0.980053	0.980109	0.980164	0.980218	0.980272	0.980324	0.980375	0.980425	0.980475	0.980523	 0.98057	0.980617	0.980662	
0.974184	 0.97349	0.973248	0.973197	0.973228	0.973298	0.973388	 0.97349	0.973601	0.973719	0.973843	0.973972	0.974106	0.974243	0.974385	0.974529	0.974677	0.974828	0.974981	0.975136	0.975293	0.975451	0.975611	0.975771	0.975932	0.976094	0.976255	0.976416	0.976577	0.976736	0.976895	

0.952068	0.952032	0.951993	0.951952	0.951909	0.951865	0.951818	0.951769	0.951719	0.951667	0.951614	 0.95156	0.951505	0.951449	0.951392	0.951335	0.951277	0.951219	0.951161	0.951104	0.951047	0.950991	0.950935	0.950882	0.950829	0.950779	0.950731	0.950686	0.950643	0.950604	0.950569	
0.979134	0.979203	 0.97927	0.979337	0.979403	0.979468	0.979532	0.979595	0.979657	0.979718	0.979779	0.979838	0.979896	0.979954	 0.98001	0.980065	 0.98012	0.980173	0.980225	0.980277	0.980327	0.980377	0.980425	0.980472	0.980519	0.980564	0.980609	0.980652	0.980695	0.980737	0.980778	
0.973678	0.973131	0.972962	0.972952	0.973012	0.973106	0.973217	0.973339	0.973469	0.973605	0.973746	0.973891	0.974041	0.974193	0.974349	0.974508	0.974669	0.974832	0.974996	0.975162	 0.97533	0.975497	0.975666	0.975834	0.976003	0.976171	0.976338	0.976505	0.976671	0.976835	0.976997	

0.951939	0.951896	0.951851	0.951805	0.951756	0.951705	0.951652	0.951598	0.951542	0.951485	0.951426	0.951367	0.951306	0.951245	0.951183	0.951121	0.951058	0.950995	0.950933	0.950871	 0.95081	0.950749	 0.95069	0.950632	0.950576	0.950522	0.950471	0.950422	0.950376	0.950334	0.950295	
0.979172	 0.97924	0.979307	0.979373	0.979438	0.979502	0.979565	0.979627	0.979688	0.979748	0.979807	0.979865	0.979922	0.979978	0.980033	0.980087	 0.98014	0.980191	0.980242	0.980292	 0.98034	0.980388	0.980434	 0.98048	0.980525	0.980568	0.980611	0.980653	0.980693	0.980733	0.980772	
0.973226	0.972833	0.972739	0.972771	 0.97286	0.972976	0.973106	0.973246	0.973393	0.973545	0.973701	0.973861	0.974024	0.974189	0.974358	0.974528	  0.9747	0.974873	0.975047	0.975222	0.975398	0.975573	0.975748	0.975923	0.976098	0.976271	0.976443	0.976614	0.976783	 0.97695	0.977115	

0.951857	0.951809	0.951758	0.951705	0.951651	0.951594	0.951536	0.951476	0.951415	0.951353	0.951289	0.951224	0.951159	0.951092	0.951025	0.950958	0.950891	0.950824	0.950757	 0.95069	0.950625	 0.95056	0.950497	0.950435	0.950375	0.950317	0.950262	 0.95021	 0.95016	0.950115	0.950073	
0.979139	0.979208	0.979275	0.979342	0.979407	0.979472	0.979535	0.979597	0.979659	0.979719	0.979778	0.979836	0.979892	0.979948	0.980003	0.980056	0.980108	 0.98016	 0.98021	0.980259	0.980307	0.980354	  0.9804	0.980445	0.980488	0.980531	0.980573	0.980614	0.980654	0.980693	0.980731	
0.973653	0.973382	0.973341	0.973397	0.973498	0.973619	0.973753	0.973894	0.974041	0.974192	0.974347	0.974505	0.974665	0.974828	0.974992	0.975158	0.975326	0.975494	0.975662	0.975831	   0.976	0.976169	0.976337	0.976505	0.976672	0.976837	0.977001	0.977163	0.977323	0.977482	0.977638	

0.951804	 0.95175	0.951694	0.951636	0.951576	0.951514	0.951451	0.951386	0.951319	0.951252	0.951183	0.951114	0.951043	0.950972	0.950901	0.950829	0.950757	0.950686	0.950614	0.950544	0.950474	0.950405	0.950338	0.950272	0.950208	0.950147	0.950088	0.950032	0.949979	 0.94993	0.949885	
0.979354	 0.97942	0.979484	0.979547	 0.97961	0.979671	0.979731	 0.97979	0.979847	0.979904	 0.97996	0.980014	0.980068	 0.98012	0.980171	0.980221	 0.98027	0.980318	0.980364	 0.98041	0.980454	0.980498	 0.98054	0.980582	0.980622	0.980662	  0.9807	0.980737	0.980774	0.980809	0.980844	
0.974446	0.974264	0.974256	0.974324	0.974426	0.974546	0.974675	 0.97481	 0.97495	0.975094	0.975241	 0.97539	0.975541	0.975694	0.975848	0.976004	 0.97616	0.976317	0.976475	0.976632	0.976789	0.976946	0.977102	0.977257	0.977411	0.977564	0.977715	0.977864	0.978012	0.978157	  0.9783	

0.951779	 0.95172	0.951659	0.951596	0.951531	0.951464	0.951396	0.951326	0.951255	0.951183	 0.95111	0.951036	0.950961	0.950885	0.950809	0.950733	0.950657	0.950581	0.950506	0.950431	0.950357	0.950284	0.950213	0.950144	0.950076	0.950011	0.949948	0.949889	0.949833	 0.94978	0.949732	
0.979843	0.979901	0.979958	0.980014	0.980069	0.980123	0.980176	0.980227	0.980278	0.980327	0.980376	0.980423	 0.98047	0.980515	0.980559	0.980603	0.980645	0.980686	0.980726	0.980765	0.980803	 0.98084	0.980876	0.980911	0.980945	0.980978	 0.98101	0.981041	0.981072	0.981101	0.981129	
 0.97332	0.973225	0.973272	 0.97338	0.973517	0.973667	0.973826	0.973991	0.974159	 0.97433	0.974504	0.974679	0.974856	0.975034	0.975212	0.975391	 0.97557	 0.97575	0.975928	0.976106	0.976283	0.976459	0.976634	0.976807	0.976978	0.977147	0.977314	0.977479	0.977641	  0.9778	0.977957	

0.951771	0.951708	0.951642	0.951574	0.951504	0.951433	 0.95136	0.951286	 0.95121	0.951134	0.951056	0.950977	0.950898	0.950818	0.950738	0.950658	0.950578	0.950498	0.950418	 0.95034	0.950262	0.950185	 0.95011	0.950037	0.949966	0.949897	0.949831	0.949768	0.949708	0.949653	0.949602	
0.980117	0.980171	0.980224	0.980276	0.980327	0.980377	0.980426	0.980473	 0.98052	0.980566	0.980611	0.980654	0.980697	0.980738	0.980778	0.980818	0.980856	0.980893	0.980929	0.980965	0.980999	0.981032	0.981064	0.981095	0.981126	0.981155	0.981184	0.981211	0.981238	0.981263	0.981288	
0.973361	0.973289	 0.97335	 0.97347	0.973616	0.973776	0.973943	0.974115	0.974291	0.974469	0.974648	0.974829	0.975011	0.975194	0.975377	 0.97556	0.975743	0.975925	0.976106	0.976286	0.976465	0.976643	0.976818	0.976992	0.977164	0.977333	  0.9775	0.977664	0.977825	0.977984	0.978139	

0.951789	 0.95172	 0.95165	0.951577	0.951503	0.951428	 0.95135	0.951272	0.951192	0.951111	0.951029	0.950946	0.950863	0.950779	0.950694	 0.95061	0.950526	0.950442	0.950359	0.950276	0.950194	0.950114	0.950035	0.949958	0.949883	0.949811	0.949742	0.949675	0.949612	0.949554	0.949499	
 0.97991	0.979968	0.980024	 0.98008	0.980134	0.980187	0.980239	 0.98029	0.980339	0.980388	0.980435	0.980481	0.980526	 0.98057	0.980613	0.980655	0.980695	0.980734	0.980773	 0.98081	0.980846	0.980881	0.980915	0.980948	 0.98098	0.981011	0.981041	 0.98107	0.981098	0.981125	0.981152	
0.975046	 0.97502	0.975086	0.975194	 0.97532	0.975457	0.975599	0.975746	0.975895	0.976046	0.976198	0.976352	0.976507	0.976662	0.976818	0.976973	0.977129	0.977283	0.977438	0.977591	0.977743	0.977894	0.978044	0.978192	0.978338	0.978482	0.978623	0.978763	  0.9789	0.979035	0.979167	

0.951831	0.951758	0.951683	0.951606	0.951527	0.951447	0.951366	0.951283	0.951198	0.951113	0.951027	 0.95094	0.950852	0.950764	0.950676	0.950587	0.950499	0.950411	0.950324	0.950237	0.950152	0.950067	0.949985	0.949904	0.949826	 0.94975	0.949677	0.949607	 0.94954	0.949478	 0.94942	
0.979845	0.979904	0.979962	0.980019	0.980074	0.980129	0.980182	0.980234	0.980284	0.980334	0.980382	0.980429	0.980475	0.980519	0.980562	0.980605	0.980646	0.980686	0.980724	0.980762	0.980799	0.980834	0.980868	0.980902	0.980934	0.980965	0.980995	0.981024	0.981052	 0.98108	0.981106	
0.973166	0.973208	 0.97333	0.973487	0.973661	0.973843	 0.97403	 0.97422	0.974412	0.974605	0.974799	0.974994	0.975188	0.975382	0.975575	0.975768	0.975959	0.976149	0.976337	0.976524	0.976708	0.976891	 0.97707	0.977247	0.977422	0.977593	0.977762	0.977927	0.978089	0.978248	0.978403	

0.951915	0.951838	0.951758	0.951676	0.951593	0.951508	0.951422	0.951334	0.951246	0.951156	0.951065	0.950973	0.950881	0.950789	0.950696	0.950603	0.950511	0.950418	0.950327	0.950236	0.950146	0.950058	0.949971	0.949887	0.949804	0.949724	0.949647	0.949574	0.949504	0.949438	0.949376	
0.980254	0.980307	0.980359	 0.98041	 0.98046	0.980508	0.980556	0.980602	0.980647	0.980691	0.980734	0.980775	0.980816	0.980855	0.980893	 0.98093	0.980966	   0.981	0.981034	0.981067	0.981098	0.981128	0.981158	0.981186	0.981213	 0.98124	0.981265	0.981289	0.981313	0.981335	0.981357	
0.974853	0.974901	0.975009	0.975145	0.975294	 0.97545	 0.97561	0.975772	0.975936	0.976101	0.976267	0.976433	0.976599	0.976765	0.976931	0.977096	 0.97726	0.977422	0.977584	0.977744	0.977902	0.978058	0.978212	0.978364	0.978514	0.978661	0.978805	0.978947	0.979086	0.979222	0.979355	

0.952039	0.951956	0.951871	0.951785	0.951697	0.951607	0.951516	0.951423	 0.95133	0.951235	0.951139	0.951043	0.950946	0.950849	0.950752	0.950654	0.950557	 0.95046	0.950364	0.950269	0.950174	0.950082	0.949991	0.949902	0.949815	 0.94973	0.949649	0.949571	0.949497	0.949427	0.949362	
0.980848	0.980893	0.980936	0.980979	0.981021	0.981061	  0.9811	0.981138	0.981175	0.981211	0.981246	 0.98128	0.981313	0.981345	0.981375	0.981405	0.981433	0.981461	0.981487	0.981513	0.981537	 0.98156	0.981583	0.981604	0.981625	0.981644	0.981663	0.981681	0.981698	0.981714	0.981729	
0.974246	0.974336	0.974474	0.974634	0.974804	 0.97498	0.975159	0.975339	0.975521	0.975703	0.975885	0.976067	0.976248	0.976429	0.976608	0.976787	0.976964	0.977139	0.977312	0.977484	0.977653	 0.97782	0.977984	0.978146	0.978305	0.978461	0.978614	0.978764	 0.97891	0.979053	0.979193	

0.952233	0.952145	0.952054	0.951962	0.951868	0.951772	0.951676	0.951577	0.951478	0.951378	0.951277	0.951175	0.951073	 0.95097	0.950867	0.950764	0.950662	0.950559	0.950458	0.950357	0.950258	 0.95016	0.950064	0.949969	0.949877	0.949788	0.949702	0.949619	 0.94954	0.949465	0.949395	
0.980788	0.980834	0.980879	0.980922	0.980965	0.981006	0.981046	0.981085	0.981123	 0.98116	0.981195	 0.98123	0.981263	0.981295	0.981326	0.981356	0.981385	0.981413	 0.98144	0.981466	 0.98149	0.981514	0.981537	0.981558	0.981579	0.981599	0.981618	0.981635	0.981652	0.981668	0.981684	
0.974451	0.974547	0.974688	0.974851	0.975024	0.975202	0.975383	0.975565	0.975747	 0.97593	0.976113	0.976295	0.976477	0.976657	0.976836	0.977014	 0.97719	0.977364	0.977536	0.977706	0.977873	0.978038	  0.9782	 0.97836	0.978516	 0.97867	 0.97882	0.978967	0.979111	0.979251	0.979388	

0.952454	0.952359	0.952263	0.952164	0.952065	0.951963	0.951861	0.951757	0.951652	0.951546	0.951439	0.951332	0.951224	0.951116	0.951007	0.950899	0.950791	0.950683	0.950576	 0.95047	0.950366	0.950262	0.950161	0.950061	0.949964	 0.94987	0.949778	 0.94969	0.949606	0.949526	0.949451	
0.980475	0.980525	0.980575	0.980623	 0.98067	0.980716	0.980761	0.980804	0.980846	0.980887	0.980926	0.980965	0.981002	0.981038	0.981073	0.981106	0.981139	 0.98117	  0.9812	0.981229	0.981257	0.981284	 0.98131	0.981334	0.981358	 0.98138	0.981402	0.981423	0.981442	0.981461	0.981479	
0.975257	0.975348	0.975482	0.975636	0.975799	0.975966	0.976136	0.976307	0.976479	0.976651	0.976822	0.976993	0.977163	0.977331	0.977499	0.977665	0.977829	0.977992	0.978153	0.978311	0.978467	0.978621	0.978772	 0.97892	0.979065	0.979208	0.979348	0.979484	0.979617	0.979747	0.979874	

0.952701	0.952601	0.952498	0.952394	0.952288	0.952181	0.952072	0.951962	0.951851	0.951739	0.951627	0.951513	0.951399	0.951285	0.951171	0.951057	0.950943	 0.95083	0.950717	0.950605	0.950495	0.950386	0.950279	0.950174	0.950071	0.949971	0.949874	0.949781	0.949691	0.949606	0.949526	
0.980635	0.980683	0.980731	0.980777	0.980822	0.980865	0.980908	0.980949	0.980989	0.981028	0.981065	0.981102	0.981137	 0.98117	0.981203	0.981235	0.981265	0.981294	0.981322	0.981349	0.981375	  0.9814	0.981424	0.981446	0.981468	0.981488	0.981508	0.981526	0.981544	0.981561	0.981577	
0.974597	0.974745	0.974914	0.975095	 0.97528	0.975467	0.975656	0.975845	0.976033	0.976221	0.976408	0.976594	0.976778	0.976961	0.977142	0.977321	0.977498	0.977673	0.977845	0.978014	0.978181	0.978345	0.978505	0.978663	0.978817	0.978969	0.979116	 0.97926	0.979401	0.979538	0.979672	

 0.95288	0.952774	0.952667	0.952558	0.952447	0.952334	0.952221	0.952106	 0.95199	0.951873	0.951756	0.951638	0.951519	  0.9514	0.951281	0.951162	0.951043	0.950925	0.950808	0.950692	0.950577	0.950463	0.950351	0.950242	0.950135	 0.95003	0.949929	0.949831	0.949737	0.949648	0.949563	
0.981248	0.981288	0.981327	0.981364	0.981401	0.981436	 0.98147	0.981504	0.981536	0.981566	0.981596	0.981625	0.981652	0.981678	0.981704	0.981728	0.981751	0.981773	0.981794	0.981813	0.981832	 0.98185	0.981867	0.981883	0.981898	0.981912	0.981925	0.981937	0.981948	0.981958	0.981967	
0.975706	0.975839	0.975993	0.976156	0.976323	0.976493	0.976663	0.976834	0.977004	0.977174	0.977343	0.977511	0.977677	0.977842	0.978006	0.978168	0.978327	0.978485	 0.97864	0.978793	0.978943	0.979091	0.979236	0.979378	0.979517	0.979653	0.979786	0.979916	0.980042	0.980165	0.980285	

0.952921	0.952812	0.952702	0.952589	0.952475	 0.95236	0.952243	0.952125	0.952006	0.951886	0.951765	0.951644	0.951523	0.951401	0.951279	0.951157	0.951035	0.950914	0.950794	0.950675	0.950557	0.950441	0.950326	0.950214	0.950104	0.949997	0.949893	0.949793	0.949697	0.949605	0.949518	
0.981519	0.981555	 0.98159	0.981624	0.981657	0.981689	0.981719	0.981749	0.981777	0.981804	 0.98183	0.981856	0.981879	0.981902	0.981924	0.981945	0.981964	0.981983	0.982001	0.982017	0.982033	0.982047	0.982061	0.982074	0.982085	0.982096	0.982106	0.982115	0.982123	 0.98213	0.982136	
0.975275	0.975423	0.975592	0.975769	0.975951	0.976134	0.976318	0.976501	0.976684	0.976866	0.977047	0.977226	0.977403	0.977579	0.977752	0.977924	0.978092	0.978259	0.978422	0.978583	0.978741	0.978896	0.979048	0.979197	0.979342	0.979484	0.979623	0.979758	0.979889	0.980017	0.980142	

0.952808	0.952698	0.952586	0.952472	0.952357	 0.95224	0.952122	0.952003	0.951883	0.951762	 0.95164	0.951518	0.951395	0.951272	0.951149	0.951026	0.950904	0.950782	0.950661	0.950541	0.950422	0.950305	 0.95019	0.950077	0.949967	0.949859	0.949755	0.949654	0.949558	0.949466	0.949378	
0.981164	0.981205	0.981245	0.981284	0.981321	0.981357	0.981392	0.981426	0.981459	 0.98149	 0.98152	0.981549	0.981577	0.981604	 0.98163	0.981654	0.981677	0.981699	 0.98172	 0.98174	0.981759	0.981777	0.981794	 0.98181	0.981825	0.981838	0.981851	0.981863	0.981874	0.981884	0.981893	
0.975788	0.975933	0.976096	0.976268	0.976443	 0.97662	0.976798	0.976975	0.977151	0.977326	  0.9775	0.977672	0.977842	0.978011	0.978177	0.978341	0.978503	0.978662	0.978818	0.978972	0.979123	0.979271	0.979415	0.979557	0.979696	0.979831	0.979963	0.980091	0.980216	0.980337	0.980455	

0.952613	0.952503	0.952391	0.952277	0.952162	0.952045	0.951927	0.951808	0.951688	0.951567	0.951446	0.951324	0.951201	0.951078	0.950955	0.950833	0.950711	0.950589	0.950468	0.950349	0.950231	0.950114	0.949999	0.949887	0.949777	 0.94967	0.949567	0.949467	0.949372	0.949281	0.949195	
0.981094	0.981136	0.981177	0.981217	0.981255	0.981292	0.981328	0.981362	0.981396	0.981428	0.981458	0.981488	0.981517	0.981544	 0.98157	0.981595	0.981619	0.981641	0.981663	0.981683	0.981702	0.981721	0.981738	0.981754	0.981769	0.981783	0.981796	0.981808	0.981819	0.981829	0.981838	
0.976297	0.976437	0.976594	 0.97676	0.976928	0.977098	0.977269	0.977439	0.977607	0.977775	0.977941	0.978106	0.978269	 0.97843	0.978589	0.978745	0.978899	0.979051	  0.9792	0.979346	 0.97949	 0.97963	0.979768	0.979902	0.980034	0.980162	0.980287	0.980408	0.980526	0.980641	0.980752	

 0.95245	 0.95234	0.952227	0.952113	0.951997	 0.95188	0.951762	0.951643	0.951522	0.951401	0.951279	0.951157	0.951034	0.950911	0.950788	0.950665	0.950543	0.950421	0.950301	0.950181	0.950063	0.949946	0.949832	 0.94972	 0.94961	0.949504	0.949401	0.949302	0.949207	0.949116	0.949031	
0.981517	0.981553	0.981588	0.981621	0.981654	0.981685	0.981715	0.981744	0.981772	0.981798	0.981824	0.981848	0.981871	0.981893	0.981914	0.981934	0.981953	 0.98197	0.981987	0.982002	0.982016	 0.98203	0.982042	0.982053	0.982064	0.982073	0.982082	0.982089	0.982096	0.982101	0.982106	
0.975722	0.975879	0.976054	0.976236	0.976422	0.976609	0.976795	 0.97698	0.977164	0.977347	0.977527	0.977705	0.977881	0.978055	0.978225	0.978394	0.978559	0.978721	0.978881	0.979037	 0.97919	 0.97934	0.979486	0.979629	0.979768	0.979904	0.980036	0.980165	 0.98029	0.980411	0.980528	

0.952357	0.952245	0.952131	0.952015	0.951898	 0.95178	 0.95166	 0.95154	0.951418	0.951295	0.951172	0.951049	0.950925	  0.9508	0.950676	0.950553	0.950429	0.950307	0.950185	0.950064	0.949945	0.949828	0.949713	  0.9496	 0.94949	0.949383	 0.94928	 0.94918	0.949085	0.948994	0.948909	
0.981947	0.981977	0.982006	0.982033	 0.98206	0.982086	 0.98211	0.982133	0.982155	0.982176	0.982196	0.982215	0.982233	 0.98225	0.982265	 0.98228	0.982293	0.982306	0.982317	0.982328	0.982337	0.982346	0.982353	 0.98236	0.982365	 0.98237	0.982374	0.982377	0.982379	 0.98238	 0.98238	
0.977381	0.977509	0.977653	0.977803	0.977957	0.978111	0.978265	0.978419	0.978572	0.978723	0.978873	0.979022	0.979168	0.979313	0.979455	0.979596	0.979734	0.979869	0.980002	0.980133	0.980261	0.980386	0.980508	0.980628	0.980744	0.980858	0.980968	0.981075	0.981179	 0.98128	0.981378	

0.952379	0.952264	0.952147	0.952029	0.951909	0.951788	0.951665	0.951542	0.951418	0.951292	0.951167	0.951041	0.950914	0.950787	0.950661	0.950535	0.950409	0.950284	 0.95016	0.950037	0.949916	0.949797	 0.94968	0.949565	0.949453	0.949344	0.949239	0.949137	 0.94904	0.948948	0.948862	
0.981771	0.981803	0.981833	0.981863	0.981891	0.981919	0.981945	 0.98197	0.981993	0.982016	0.982037	0.982058	0.982077	0.982095	0.982112	0.982128	0.982143	0.982157	0.982169	0.982181	0.982192	0.982201	 0.98221	0.982218	0.982224	 0.98223	0.982235	0.982239	0.982242	0.982244	0.982245	
0.975893	0.976088	0.976282	0.976475	0.976667	0.976857	0.977046	0.977232	0.977417	0.977599	0.977779	0.977956	0.978131	0.978303	0.978472	0.978638	0.978801	0.978961	0.979118	0.979271	0.979421	0.979567	 0.97971	0.979849	0.979985	0.980117	0.980245	 0.98037	 0.98049	0.980608	0.980721	

0.952497	0.952378	0.952257	0.952135	0.952011	0.951886	 0.95176	0.951632	0.951504	0.951375	0.951246	0.951116	0.950985	0.950855	0.950725	0.950595	0.950466	0.950338	 0.95021	0.950084	 0.94996	0.949837	0.949716	0.949598	0.949483	0.949371	0.949263	0.949159	0.949059	0.948964	0.948875	
0.981578	0.981612	0.981645	0.981677	0.981707	0.981736	0.981764	0.981791	0.981816	0.981841	0.981864	0.981886	0.981907	0.981927	0.981945	0.981963	0.981979	0.981994	0.982009	0.982022	0.982034	0.982045	0.982055	0.982064	0.982072	0.982079	0.982085	 0.98209	0.982094	0.982097	0.982099	
0.977697	0.977855	0.978011	0.978167	0.978323	0.978477	 0.97863	0.978781	0.978931	0.979079	0.979226	0.979371	0.979513	0.979654	0.979792	0.979928	0.980061	0.980192	 0.98032	0.980445	0.980568	0.980688	0.980805	0.980919	 0.98103	0.981138	0.981243	0.981344	0.981443	0.981538	 0.98163	

0.952651	0.952527	0.952402	0.952274	0.952146	0.952016	0.951886	0.951754	0.951621	0.951488	0.951354	0.951219	0.951085	 0.95095	0.950816	0.950682	0.950548	0.950416	0.950284	0.950154	0.950026	0.949899	0.949775	0.949653	0.949534	0.949419	0.949307	0.949199	0.949096	0.948998	0.948905	
0.981772	0.981803	0.981833	0.981861	0.981889	0.981915	 0.98194	0.981964	0.981986	0.982008	0.982028	0.982047	0.982066	0.982083	0.982098	0.982113	0.982127	0.982139	0.982151	0.982161	0.982171	0.982179	0.982187	0.982193	0.982198	0.982203	0.982206	0.982209	0.982211	0.982211	0.982211	
0.976806	0.976987	0.977166	0.977345	0.977522	0.977697	0.977871	0.978042	0.978212	0.978379	0.978544	0.978706	0.978866	0.979023	0.979178	0.979329	0.979477	0.979623	0.979765	0.979904	 0.98004	0.980172	0.980302	0.980427	 0.98055	0.980669	0.980784	0.980896	0.981005	0.981109	0.981211	

0.952761	0.952633	0.952503	0.952372	0.952239	0.952105	 0.95197	0.951834	0.951697	0.951559	0.951421	0.951282	0.951144	0.951005	0.950867	0.950729	0.950592	0.950455	 0.95032	0.950186	0.950054	0.949924	0.949796	0.949671	0.949548	0.949429	0.949314	0.949204	0.949097	0.948996	0.948901	
 0.98213	0.982155	 0.98218	0.982203	0.982226	0.982247	0.982267	0.982286	0.982303	 0.98232	0.982336	 0.98235	0.982363	0.982376	0.982387	0.982397	0.982406	0.982414	0.982422	0.982428	0.982433	0.982437	 0.98244	0.982442	0.982443	0.982444	0.982443	0.982442	0.982439	0.982436	0.982432	
0.977313	0.977485	0.977657	0.977826	0.977995	0.978161	0.978326	0.978489	 0.97865	0.978808	0.978965	0.979118	 0.97927	0.979418	0.979564	0.979707	0.979848	0.979985	0.980119	 0.98025	0.980379	0.980503	0.980625	0.980744	0.980859	 0.98097	0.981079	0.981184	0.981285	0.981384	0.981478	

0.952772	0.952641	0.952508	0.952374	0.952239	0.952102	0.951965	0.951826	0.951687	0.951547	0.951406	0.951266	0.951125	0.950984	0.950844	0.950704	0.950564	0.950426	0.950289	0.950153	0.950019	0.949888	0.949758	0.949631	0.949508	0.949388	0.949271	 0.94916	0.949052	 0.94895	0.948854	
0.982168	0.982192	0.982216	0.982238	0.982259	0.982279	0.982298	0.982315	0.982332	0.982348	0.982362	0.982375	0.982387	0.982399	0.982409	0.982418	0.982426	0.982433	0.982439	0.982444	0.982448	0.982451	0.982453	0.982454	0.982454	0.982453	0.982452	0.982449	0.982446	0.982441	0.982436	
0.978007	0.978166	0.978323	 0.97848	0.978635	0.978789	0.978941	0.979091	0.979239	0.979385	0.979529	0.979671	 0.97981	0.979947	0.980081	0.980212	0.980341	0.980467	0.980591	0.980711	0.980828	0.980943	0.981054	0.981163	0.981268	 0.98137	0.981469	0.981565	0.981658	0.981747	0.981833	

0.952633	  0.9525	0.952366	0.952231	0.952095	0.951957	0.951819	0.951679	0.951539	0.951398	0.951257	0.951116	0.950974	0.950833	0.950692	0.950551	0.950412	0.950273	0.950136	    0.95	0.949866	0.949734	0.949605	0.949478	0.949355	0.949235	 0.94912	0.949008	0.948902	0.948801	0.948706	
   0.982	0.982026	 0.98205	0.982074	0.982096	0.982117	0.982137	0.982156	0.982174	 0.98219	0.982206	 0.98222	0.982233	0.982245	0.982257	0.982267	0.982275	0.982283	 0.98229	0.982296	0.982301	0.982305	0.982308	0.982309	 0.98231	 0.98231	0.982309	0.982308	0.982305	0.982301	0.982297	
 0.97735	0.977526	0.977701	0.977874	0.978045	0.978214	0.978381	0.978546	0.978708	0.978867	0.979024	0.979178	 0.97933	0.979478	0.979624	0.979766	0.979906	0.980042	0.980175	0.980305	0.980431	0.980554	0.980674	0.980791	0.980904	0.981013	 0.98112	0.981222	0.981321	0.981417	0.981509	

0.952403	 0.95227	0.952135	   0.952	0.951863	0.951725	0.951586	0.951446	0.951305	0.951164	0.951023	0.950881	 0.95074	0.950598	0.950457	0.950317	0.950178	0.950039	0.949902	0.949767	0.949634	0.949503	0.949374	0.949249	0.949126	0.949008	0.948893	0.948783	0.948679	0.948579	0.948486	
 0.98202	0.982044	0.982068	 0.98209	0.982111	0.982131	 0.98215	0.982168	0.982185	  0.9822	0.982214	0.982228	 0.98224	0.982251	0.982261	 0.98227	0.982278	0.982285	 0.98229	0.982295	0.982299	0.982302	0.982304	0.982304	0.982304	0.982303	0.982301	0.982299	0.982295	 0.98229	0.982285	
0.978315	0.978471	0.978626	0.978779	0.978931	0.979081	0.979229	0.979374	0.979518	 0.97966	0.979799	0.979935	 0.98007	0.980201	 0.98033	0.980456	 0.98058	  0.9807	0.980818	0.980933	0.981045	0.981154	 0.98126	0.981362	0.981462	0.981559	0.981652	0.981742	0.981829	0.981913	0.981994	

0.952155	 0.95202	0.951885	0.951748	 0.95161	0.951471	0.951331	 0.95119	0.951049	0.950907	0.950765	0.950623	 0.95048	0.950339	0.950197	0.950057	0.949917	0.949778	0.949641	0.949506	0.949373	0.949242	0.949114	0.948989	0.948867	0.948749	0.948636	0.948527	0.948423	0.948325	0.948234	
0.982218	0.982239	0.982259	0.982278	0.982296	0.982312	0.982328	0.982343	0.982356	0.982368	 0.98238	 0.98239	0.982399	0.982407	0.982414	 0.98242	0.982425	0.982429	0.982432	0.982434	0.982435	0.982435	0.982434	0.982433	 0.98243	0.982426	0.982422	0.982416	 0.98241	0.982403	0.982395	
0.978206	0.978366	0.978525	0.978681	0.978836	0.978989	0.979139	0.979288	0.979434	0.979577	0.979719	0.979857	0.979993	0.980126	0.980257	0.980384	0.980509	 0.98063	0.980749	0.980865	0.980977	0.981087	0.981193	0.981296	0.981396	0.981493	0.981586	0.981677	0.981764	0.981847	0.981928	

0.952028	0.951893	0.951756	0.951618	0.951479	0.951339	0.951199	0.951057	0.950915	0.950773	 0.95063	0.950487	0.950345	0.950203	0.950061	0.949921	0.949781	0.949642	0.949506	0.949371	0.949238	0.949107	 0.94898	0.948856	0.948735	0.948618	0.948506	0.948398	0.948296	  0.9482	 0.94811	
0.982333	0.982352	 0.98237	0.982386	0.982402	0.982416	0.982429	0.982442	0.982453	0.982463	0.982472	 0.98248	0.982487	0.982493	0.982498	0.982502	0.982505	0.982507	0.982508	0.982508	0.982507	0.982505	0.982502	0.982498	0.982493	0.982488	0.982482	0.982474	0.982466	0.982457	0.982447	
0.978145	0.978308	0.978468	0.978627	0.978784	0.978938	 0.97909	 0.97924	0.979387	0.979531	0.979673	0.979812	0.979949	0.980082	0.980213	0.980341	0.980465	0.980587	0.980705	0.980821	0.980933	0.981042	0.981148	0.981251	 0.98135	0.981446	0.981539	0.981629	0.981715	0.981798	0.981878	

 0.95195	0.951813	0.951675	0.951536	0.951395	0.951254	0.951112	0.950969	0.950826	0.950683	0.950539	0.950395	0.950252	0.950109	0.949967	0.949826	0.949686	0.949547	 0.94941	0.949275	0.949142	0.949011	0.948884	 0.94876	 0.94864	0.948523	0.948412	0.948305	0.948204	0.948109	 0.94802	
0.982247	0.982266	0.982283	0.982299	0.982314	0.982328	0.982341	0.982352	0.982363	0.982373	0.982381	0.982389	0.982395	  0.9824	0.982405	0.982408	 0.98241	0.982412	0.982412	0.982412	 0.98241	0.982407	0.982404	  0.9824	0.982394	0.982388	0.982381	0.982373	0.982365	0.982355	0.982345	
0.978809	0.978958	0.979105	 0.97925	0.979393	0.979534	0.979673	 0.97981	0.979944	0.980076	0.980206	0.980333	0.980457	0.980579	0.980698	0.980814	0.980928	0.981039	0.981147	0.981251	0.981354	0.981453	0.981549	0.981642	0.981732	0.981819	0.981902	0.981983	0.982061	0.982136	0.982207	

0.951913	0.951774	0.951635	0.951494	0.951352	 0.95121	0.951066	0.950922	0.950778	0.950634	0.950489	0.950345	0.950201	0.950057	0.949915	0.949773	0.949632	0.949493	0.949356	0.949221	0.949088	0.948958	0.948831	0.948707	0.948588	0.948472	0.948361	0.948256	0.948156	0.948062	0.947975	
0.982184	0.982202	0.982218	0.982234	0.982248	0.982261	0.982274	0.982285	0.982295	0.982304	0.982311	0.982318	0.982324	0.982329	0.982333	0.982335	0.982337	0.982338	0.982337	0.982336	0.982334	0.982331	0.982327	0.982322	0.982316	0.982309	0.982302	0.982293	0.982284	0.982274	0.982263	
0.978661	0.978813	0.978963	0.979111	0.979257	0.979401	0.979542	0.979681	0.979818	0.979952	0.980083	0.980212	0.980338	0.980461	0.980582	0.980699	0.980814	0.980926	0.981034	 0.98114	0.981243	0.981342	0.981439	0.981532	0.981623	 0.98171	0.981794	0.981875	0.981952	0.982027	0.982098	

0.951775	0.951634	0.951493	 0.95135	0.951206	0.951062	0.950917	0.950771	0.950625	0.950479	0.950333	0.950188	0.950042	0.949898	0.949754	0.949611	 0.94947	 0.94933	0.949192	0.949057	0.948923	0.948793	0.948666	0.948542	0.948423	0.948308	0.948197	0.948092	0.947993	  0.9479	0.947815	
0.982222	0.982238	0.982253	0.982266	0.982279	 0.98229	0.982301	 0.98231	0.982318	0.982326	0.982332	0.982337	0.982341	0.982344	0.982346	0.982347	0.982347	0.982346	0.982345	0.982342	0.982338	0.982333	0.982328	0.982321	0.982314	0.982306	0.982297	0.982287	0.982276	0.982265	0.982253	
 0.97878	 0.97893	0.979077	0.979222	0.979366	0.979506	0.979645	0.979781	0.979914	0.980045	0.980174	0.980299	0.980422	0.980542	0.980659	0.980774	0.980885	0.980994	0.981099	0.981202	0.981301	0.981397	0.981491	0.981581	0.981668	0.981752	0.981833	0.981911	0.981986	0.982058	0.982126	

0.951552	0.951409	0.951266	0.951121	0.950976	 0.95083	0.950683	0.950536	0.950389	0.950241	0.950094	0.949947	0.949801	0.949655	0.949511	0.949367	0.949225	0.949085	0.948947	0.948811	0.948677	0.948547	 0.94842	0.948297	0.948178	0.948063	0.947954	 0.94785	0.947752	0.947661	0.947577	
0.982282	0.982296	0.982309	 0.98232	 0.98233	 0.98234	0.982348	0.982355	0.982361	0.982367	0.982371	0.982374	0.982376	0.982377	0.982377	0.982376	0.982375	0.982372	0.982368	0.982364	0.982358	0.982352	0.982344	0.982336	0.982327	0.982317	0.982307	0.982295	0.982283	 0.98227	0.982256	
0.979183	0.979324	0.979463	  0.9796	0.979734	0.979866	0.979997	0.980124	0.980249	0.980372	0.980493	 0.98061	0.980725	0.980838	0.980947	0.981054	0.981158	0.981259	0.981358	0.981453	0.981546	0.981636	0.981723	0.981806	0.981887	0.981965	 0.98204	0.982112	0.982181	0.982247	0.982309	

0.951318	0.951175	 0.95103	0.950885	0.950738	0.950592	0.950444	0.950297	0.950149	0.950001	0.949854	0.949707	 0.94956	0.949415	 0.94927	0.949127	0.948986	0.948846	0.948709	0.948574	0.948441	0.948312	0.948187	0.948065	0.947948	0.947835	0.947728	0.947626	0.947531	0.947442	0.947361	
0.982273	0.982285	0.982296	0.982306	0.982315	0.982323	 0.98233	0.982335	 0.98234	0.982344	0.982347	0.982349	0.982349	0.982349	0.982348	0.982346	0.982343	0.982339	0.982334	0.982328	0.982321	0.982314	0.982305	0.982296	0.982286	0.982275	0.982263	 0.98225	0.982237	0.982222	0.982207	
 0.97916	  0.9793	0.979438	0.979574	0.979708	 0.97984	0.979969	0.980096	 0.98022	0.980342	0.980461	0.980578	0.980691	0.980802	0.980911	0.981016	0.981119	0.981219	0.981315	0.981409	0.981501	0.981589	0.981674	0.981756	0.981835	0.981911	0.981985	0.982055	0.982122	0.982186	0.982247	

0.951066	0.950922	0.950777	0.950631	0.950484	0.950337	 0.95019	0.950042	0.949895	0.949747	  0.9496	0.949454	0.949308	0.949163	0.949019	0.948877	0.948737	0.948598	0.948462	0.948329	0.948198	0.948071	0.947947	0.947828	0.947713	0.947603	0.947498	  0.9474	0.947307	0.947222	0.947145	
0.982217	0.982228	0.982238	0.982247	0.982255	0.982262	0.982267	0.982272	0.982276	0.982279	0.982281	0.982281	0.982281	 0.98228	0.982278	0.982275	0.982271	0.982266	 0.98226	0.982254	0.982246	0.982238	0.982228	0.982218	0.982207	0.982195	0.982183	0.982169	0.982155	 0.98214	0.982124	
0.979261	0.979398	0.979533	0.979666	0.979797	0.979925	0.980051	0.980174	0.980295	0.980413	0.980529	0.980642	0.980753	 0.98086	0.980965	0.981067	0.981167	0.981263	0.981357	0.981447	0.981535	 0.98162	0.981702	0.981781	0.981857	 0.98193	   0.982	0.982068	0.982132	0.982193	0.982251	

0.950846	0.950702	0.950557	0.950411	0.950265	0.950118	0.949972	0.949825	0.949678	0.949531	0.949385	 0.94924	0.949095	0.948952	 0.94881	0.948669	0.948531	0.948394	 0.94826	0.948129	0.948001	0.947876	0.947755	0.947639	0.947527	 0.94742	0.947319	0.947224	0.947136	0.947055	0.946982	
0.982176	0.982185	0.982194	0.982202	0.982208	0.982214	0.982219	0.982222	0.982225	0.982227	0.982227	0.982227	0.982226	0.982223	 0.98222	0.982216	0.982211	0.982205	0.982198	0.982191	0.982182	0.982173	0.982162	0.982151	0.982139	0.982127	0.982113	0.982099	0.982084	0.982068	0.982051	
0.979493	0.979625	0.979754	0.979881	0.980005	0.980128	0.980248	0.980365	0.980481	0.980593	0.980703	0.980811	0.980916	0.981018	0.981117	0.981214	0.981308	0.981399	0.981488	0.981574	0.981656	0.981736	0.981814	0.981888	0.981959	0.982028	0.982093	0.982156	0.982216	0.982273	0.982326	

 0.95057	0.950426	 0.95028	0.950134	0.949988	0.949842	0.949695	0.949548	0.949402	0.949256	 0.94911	0.948966	0.948822	0.948679	0.948538	0.948399	0.948262	0.948127	0.947995	0.947866	 0.94774	0.947617	0.947499	0.947385	0.947276	0.947173	0.947075	0.946984	0.946899	0.946823	0.946754	
0.982157	0.982165	0.982173	0.982179	0.982184	0.982188	0.982191	0.982193	0.982195	0.982195	0.982194	0.982193	 0.98219	0.982186	0.982182	0.982177	 0.98217	0.982163	0.982155	0.982146	0.982137	0.982126	0.982114	0.982102	0.982089	0.982075	0.982061	0.982045	0.982029	0.982013	0.981995	
0.979566	0.979694	 0.97982	0.979944	0.980066	0.980185	0.980302	0.980416	0.980528	0.980637	0.980744	0.980848	 0.98095	0.981049	0.981145	0.981239	0.981329	0.981417	0.981503	0.981585	0.981665	0.981742	0.981816	0.981887	0.981955	0.982021	0.982084	0.982143	  0.9822	0.982254	0.982305	

0.950284	0.950139	0.949994	0.949848	0.949702	0.949555	0.949409	0.949263	0.949117	0.948971	0.948826	0.948683	 0.94854	0.948399	0.948259	0.948121	0.947986	0.947853	0.947722	0.947595	0.947471	0.947352	0.947236	0.947125	0.947019	0.946919	0.946825	0.946738	0.946657	0.946585	 0.94652	
0.982123	 0.98213	0.982135	 0.98214	0.982144	0.982146	0.982148	0.982149	0.982149	0.982147	0.982145	0.982142	0.982138	0.982133	0.982128	0.982121	0.982113	0.982105	0.982096	0.982085	0.982074	0.982063	 0.98205	0.982037	0.982022	0.982007	0.981992	0.981975	0.981958	 0.98194	0.981922	
0.979641	0.979766	0.979888	0.980009	0.980127	0.980243	0.980356	0.980467	0.980575	0.980681	0.980785	0.980886	0.980984	0.981079	0.981172	0.981262	 0.98135	0.981435	0.981517	0.981596	0.981672	0.981746	0.981817	0.981885	 0.98195	0.982013	0.982072	0.982129	0.982183	0.982234	0.982282	

0.949993	0.949848	0.949703	0.949557	0.949411	0.949265	0.949119	0.948973	0.948828	0.948683	0.948539	0.948397	0.948255	0.948115	0.947977	0.947841	0.947708	0.947577	0.947449	0.947324	0.947203	0.947086	0.946974	0.946866	0.946764	0.946667	0.946577	0.946494	0.946418	 0.94635	0.946291	
0.982068	0.982073	0.982078	0.982081	0.982083	0.982084	0.982085	0.982084	0.982083	 0.98208	0.982077	0.982073	0.982067	0.982061	0.982054	0.982047	0.982038	0.982028	0.982018	0.982007	0.981995	0.981982	0.981968	0.981954	0.981938	0.981922	0.981906	0.981888	 0.98187	0.981852	0.981832	
0.979775	0.979895	0.980013	0.980129	0.980243	0.980354	0.980462	0.980569	0.980673	0.980774	0.980873	0.980969	0.981063	0.981154	0.981243	0.981329	0.981412	0.981493	0.981571	0.981646	0.981718	0.981788	0.981855	0.981919	0.981981	0.982039	0.982095	0.982148	0.982199	0.982246	0.982291	

0.949693	0.949548	0.949403	0.949257	0.949112	0.948966	0.948821	0.948676	0.948532	0.948388	0.948246	0.948105	0.947965	0.947827	 0.94769	0.947557	0.947425	0.947297	0.947171	0.947049	0.946931	0.946818	0.946709	0.946605	0.946506	0.946414	0.946328	0.946249	0.946178	0.946116	0.946062	
   0.982	0.982004	0.982007	0.982009	 0.98201	 0.98201	0.982009	0.982007	0.982004	0.982001	0.981996	0.981991	0.981984	0.981977	0.981969	 0.98196	 0.98195	 0.98194	0.981928	0.981916	0.981903	0.981889	0.981875	0.981859	0.981843	0.981826	0.981809	 0.98179	0.981772	0.981752	0.981732	
0.979868	0.979984	0.980098	0.980209	0.980318	0.980425	 0.98053	0.980632	0.980732	 0.98083	0.980925	0.981017	0.981107	0.981194	0.981279	0.981361	 0.98144	0.981517	0.981591	0.981663	0.981732	0.981798	0.981861	0.981922	 0.98198	0.982035	0.982087	0.982137	0.982184	0.982229	 0.98227	

0.949401	0.949257	0.949113	0.948968	0.948823	0.948679	0.948535	0.948391	0.948248	0.948106	0.947966	0.947826	0.947688	0.947553	0.947419	0.947288	0.947159	0.947033	0.946911	0.946793	0.946678	0.946568	0.946463	0.946364	 0.94627	0.946182	0.946101	0.946028	0.945962	0.945905	0.945857	
0.981927	0.981929	0.981931	0.981932	0.981931	 0.98193	0.981928	0.981925	0.981921	0.981916	0.981911	0.981904	0.981897	0.981888	0.981879	0.981869	0.981858	0.981847	0.981834	0.981821	0.981807	0.981792	0.981777	 0.98176	0.981743	0.981726	0.981707	0.981688	0.981669	0.981648	0.981627	
0.979941	0.980053	0.980163	 0.98027	0.980376	0.980479	 0.98058	0.980678	0.980774	0.980868	0.980959	0.981048	0.981134	0.981218	0.981299	0.981377	0.981453	0.981526	0.981597	0.981665	 0.98173	0.981793	0.981853	0.981911	0.981965	0.982017	0.982067	0.982113	0.982157	0.982198	0.982237	

0.949083	0.948939	0.948795	0.948652	0.948508	0.948365	0.948222	 0.94808	0.947939	0.947798	 0.94766	0.947522	0.947387	0.947254	0.947122	0.946994	0.946868	0.946746	0.946627	0.946512	0.946402	0.946296	0.946195	  0.9461	 0.94601	0.945928	0.945852	0.945784	0.945725	0.945674	0.945632	
0.981851	0.981853	0.981853	0.981852	0.981851	0.981848	0.981845	0.981841	0.981836	 0.98183	0.981823	0.981815	0.981806	0.981797	0.981787	0.981776	0.981764	0.981751	0.981738	0.981723	0.981708	0.981693	0.981676	0.981659	0.981641	0.981623	0.981603	0.981584	0.981563	0.981542	0.981521	
0.980014	0.980122	0.980228	0.980332	0.980433	0.980533	0.980629	0.980724	0.980816	0.980906	0.980993	0.981078	 0.98116	 0.98124	0.981317	0.981392	0.981464	0.981534	0.981601	0.981665	0.981727	0.981786	0.981843	0.981897	0.981948	0.981997	0.982043	0.982086	0.982127	0.982165	  0.9822	

0.948754	0.948611	0.948469	0.948326	0.948183	0.948042	  0.9479	 0.94776	0.947621	0.947482	0.947346	0.947211	0.947078	0.946947	0.946819	0.946694	0.946571	0.946452	0.946337	0.946226	 0.94612	0.946018	0.945922	0.945832	0.945748	 0.94567	  0.9456	0.945538	0.945485	 0.94544	0.945406	
0.981773	0.981773	0.981772	 0.98177	0.981767	0.981763	0.981759	0.981753	0.981747	 0.98174	0.981732	0.981723	0.981714	0.981703	0.981692	 0.98168	0.981667	0.981653	0.981639	0.981624	0.981608	0.981591	0.981574	0.981556	0.981537	0.981518	0.981498	0.981477	0.981456	0.981434	0.981412	
0.980084	0.980188	 0.98029	 0.98039	0.980487	0.980582	0.980675	0.980765	0.980853	0.980939	0.981022	0.981103	0.981182	0.981258	0.981331	0.981402	0.981471	0.981536	  0.9816	0.981661	0.981719	0.981775	0.981828	0.981879	0.981927	0.981972	0.982015	0.982055	0.982092	0.982127	0.982159	

