       0	       0	       0	       0	       0	       0	       0	       0	       0	       0	
       0	       0	       0	       0	       0	       0	       0	       0	       0	       0	
       0	       0	       0	       0	       0	       0	       0	       0	       0	       0	
       0	       0	       0	       0	       0	       0	       0	       0	       0	       0	
       0	       0	       0	       0	       0	       0	       0	       0	       0	       0	
       0	       0	       0	       0	       0	       0	       0	       0	       0	       0	
       0	       0	       0	       0	       0	       0	       0	       0	       0	       0	
       0	       0	       0	       0	       0	       0	       0	       0	       0	       0	
       0	       0	       0	       0	       0	       0	       0	       0	       0	       0	
       0	       0	       0	       0	       0	       0	       0	       0	       0	       0	
       0	       0	       0	       0	       0	       0	       0	       0	       0	       0	
       0	       0	       0	       0	       0	       0	       0	       0	       0	       0	
5.08663e-05	5.01831e-05	4.8033e-05	4.42019e-05	3.85539e-05	3.11677e-05	2.2446e-05	1.32485e-05	4.86084e-06	3.37259e-17	
0.000204504	0.000201414	0.000191817	0.000175098	0.000151106	0.00012066	8.58924e-05	5.03654e-05	1.85765e-05	1.33165e-16	
0.00046324	0.000455445	0.000431542	0.000390796	0.000333843	0.000263661	0.000185986	0.000108727	4.04868e-05	3.01912e-16	
0.000962845	0.000945053	0.00089112	0.000800971	0.000677969	0.000530445	0.000371655	0.000217212	8.1904e-05	6.31985e-16	
0.00202545	0.00198483	0.001863	0.00166308	0.00139643	0.00108449	0.000756757	0.000443446	0.000169732	1.36888e-15	
0.00456471	0.00446655	0.00417493	0.00370423	0.00308911	0.00238536	0.00166105	0.000977789	0.000380461	3.18647e-15	
0.00987757	0.00965211	0.00898803	0.0079319	0.00657691	0.00505703	0.00351999	0.00208478	0.000825633	7.1935e-15	
0.018018	0.0175855	0.0163216	0.0143385	0.0118364	0.00907815	0.00632863	0.00377811	0.00152469	1.38336e-14	
0.0261876	0.0255322	0.0236299	0.0206806	0.0170138	0.013032	0.00910963	0.00548684	0.00225724	2.11351e-14	
0.0308721	0.030074	0.0277713	0.0242383	0.0199008	0.0152484	0.010704	0.00651019	0.00272832	2.63784e-14	
0.0314454	0.0306107	0.0282151	0.0245719	0.0201474	0.0154508	0.0108947	0.00668946	0.00285285	2.83064e-14	
0.029267	0.0284755	0.0262139	0.0228009	0.018693	0.0143675	0.0101878	0.00631814	0.00273919	2.8002e-14	
0.026097	0.0253812	0.0233437	0.0202895	0.0166427	0.012829	0.00915423	0.00573797	0.00253033	2.64284e-14	
0.0232658	0.0226206	0.0207903	0.0180625	0.0148277	0.0114644	0.00823056	0.00521094	0.00233416	2.47691e-14	
0.0211494	0.0205606	0.0188945	0.016423	0.0135067	0.0104849	0.00757712	0.00484276	0.00219785	2.38078e-14	
0.0194815	0.0189379	0.0174036	0.0151368	0.0124742	0.00972378	0.00707427	0.00456489	0.00209938	2.30408e-14	
0.0179317	0.017433	0.0160281	0.0139593	0.0115371	0.00903813	0.00662309	0.00431449	0.00200813	2.2289e-14	
0.0162412	0.0157914	0.0145267	0.0126696	0.0105017	0.00826754	0.00610134	0.00401153	0.00188906	2.12033e-14	
0.0143433	0.0139496	0.0128441	0.0112242	0.00933635	0.00738946	0.00549178	0.00364122	0.00173113	1.94492e-14	
0.0123364	0.0120006	0.0110585	0.00968128	0.00807939	0.00642723	0.0048095	0.00321601	0.00154456	1.75661e-14	
0.0104227	0.0101427	0.00935782	0.00821169	0.00687916	0.00550161	0.00414326	0.0027898	0.0013493	1.53954e-14	
0.00874453	0.00851239	0.00786243	0.00691445	0.00581298	0.00467212	0.00353986	0.00239935	0.00116855	1.33007e-14	
0.00731209	0.00712114	0.00658674	0.00580775	0.0049021	0.00396058	0.00301816	0.00205735	0.00100701	1.15155e-14	
0.00609483	0.00593815	0.00549994	0.00486162	0.00411934	0.00334515	0.00256394	0.00175805	0.000865424	9.90024e-15	
0.00508819	0.0049599	0.00460115	0.00407858	 0.00347	0.00283205	0.00218197	0.00150314	0.000742681	8.5025e-15	
0.0042243	0.00412004	0.00382855	0.00340386	0.00290831	0.00238583	0.00184767	0.00127861	0.000633959	7.25174e-15	
0.00347228	0.0033884	0.00315395	0.00281235	0.00241309	0.00198972	0.00154894	0.00107693	0.000536069	6.12735e-15	
0.0028283	0.00276153	0.00257492	0.00230298	0.00198443	0.00164448	0.00128649	0.000898255	0.000448651	5.12808e-15	
0.00226176	0.00220967	0.0020641	0.00185185	0.00160254	0.0013345	0.00104877	0.000734989	0.000368115	4.19009e-15	
0.00179836	0.00175805	0.00164537	0.00148094	0.0012871	0.00107693	0.000849942	0.000597555	0.000299928	3.4018e-15	
0.00144071	0.00140931	0.00132154	0.00119332	0.00104158	0.000875538	0.000693757	0.000489164	0.000245993	2.79373e-15	
0.00115921	0.00113467	0.00106609	0.000965751	0.000846477	0.000714654	0.00056832	0.000401691	0.000202292	2.28946e-15	
0.000937815	0.000918557	0.000864711	0.000785841	0.000691664	0.000586515	0.000468131	0.000331729	0.000167347	1.89774e-15	
0.000758898	0.000743805	0.00070159	0.000639646	0.000565271	0.000481284	0.000385346	0.000273596	0.000138173	1.56392e-15	
0.00061348	0.00060168	0.000568661	0.000520117	0.00046148	0.000394469	0.000316787	0.000225329	0.000113918	1.28879e-15	
0.000505795	0.000496398	0.000470087	0.000431317	0.000384175	0.000329612	0.000265414	0.000189063	9.56454e-05	1.08017e-15	
0.000398161	0.000391033	0.000371064	0.000341556	0.000305402	0.000262971	0.000212276	0.000151386	7.66086e-05	8.63442e-16	
0.000295785	0.000290696	0.000276427	0.000255274	0.000229134	0.000197995	0.000160198	0.000114361	5.78821e-05	6.49544e-16	
0.000234087	0.000230224	0.000219382	0.000203251	0.000183129	0.000158776	0.000128745	9.19903e-05	4.65663e-05	5.22858e-16	
0.000202095	0.000198912	0.000189967	0.000176599	0.000159739	0.000138973	0.00011293	8.07574e-05	4.08829e-05	4.57618e-16	
0.000168293	0.000165769	0.000158666	0.000147993	0.000134362	0.000117257	9.54479e-05	6.82851e-05	3.45592e-05	3.86511e-16	
0.000135797	0.000133856	0.000128385	0.00012012	0.000109435	9.57829e-05	7.81033e-05	5.59065e-05	2.82889e-05	3.14038e-16	
0.000110046	0.000108551	0.000104332	9.79169e-05	8.95073e-05	7.85557e-05	6.41521e-05	4.59358e-05	2.32362e-05	2.57846e-16	
8.9195e-05	8.80535e-05	8.48222e-05	7.98729e-05	7.32794e-05	6.45059e-05	5.27687e-05	3.78026e-05	1.91151e-05	2.12453e-16	
7.12978e-05	7.04382e-05	6.79971e-05	6.42229e-05	5.9104e-05	5.21468e-05	4.27026e-05	3.05922e-05	1.54621e-05	1.70198e-16	
5.60607e-05	5.54266e-05	5.36201e-05	5.08009e-05	4.69058e-05	4.14934e-05	3.40297e-05	2.43898e-05	1.23236e-05	1.36569e-16	
4.97084e-05	4.91824e-05	4.76775e-05	4.53014e-05	4.19501e-05	3.71889e-05	3.05305e-05	2.18847e-05	1.10536e-05	1.22053e-16	
4.14525e-05	4.10449e-05	3.98733e-05	3.79987e-05	3.52933e-05	3.13575e-05	2.57719e-05	1.84764e-05	9.32666e-06	1.0293e-16	
3.57125e-05	3.53883e-05	3.44512e-05	3.29288e-05	3.06762e-05	2.73168e-05	2.24775e-05	1.61176e-05	8.13044e-06	8.93431e-17	
