       0	       0	       0	       0	       0	       0	       0	       0	       0	       0	
       0	       0	       0	       0	       0	       0	       0	       0	       0	       0	
       0	       0	       0	       0	       0	       0	       0	       0	       0	       0	
       0	       0	       0	       0	       0	       0	       0	       0	       0	       0	
       0	       0	       0	       0	       0	       0	       0	       0	       0	       0	
       0	       0	       0	       0	       0	       0	       0	       0	       0	       0	
       0	       0	       0	       0	       0	       0	       0	       0	       0	       0	
       0	       0	       0	       0	       0	       0	       0	       0	       0	       0	
       0	       0	       0	       0	       0	       0	       0	       0	       0	       0	
       0	       0	       0	       0	       0	       0	       0	       0	       0	       0	
       0	       0	       0	       0	       0	       0	       0	       0	       0	       0	
       0	       0	       0	       0	       0	       0	       0	       0	       0	       0	
6.09952e-05	6.22039e-05	6.54396e-05	6.82007e-05	6.62744e-05	1.58123e-05	3.03829e-06	2.33815e-07	1.03547e-07	1.22942e-18	
0.000245024	0.000248941	0.000258266	0.000260884	0.000240315	5.63128e-05	1.02821e-05	5.97148e-07	7.51767e-07	8.66665e-18	
0.000554588	0.000561122	0.000573622	0.000562042	0.000494246	0.000113704	1.93092e-05	8.96087e-07	3.10192e-06	3.53524e-17	
0.00115184	0.00116047	0.00116909	0.0011133	0.000940149	0.000210877	3.23528e-05	1.88789e-06	1.12174e-05	1.29099e-16	
0.00242122	0.00242876	0.00241174	0.0022379	0.00182907	0.000401854	5.47082e-05	6.73055e-06	3.94702e-05	4.84574e-16	
0.00545285	0.00544651	0.00533455	0.0048356	0.00384351	0.000823633	9.63314e-05	2.9072e-05	0.000143657	1.94824e-15	
0.0117915	0.011729	0.0113392	0.0100625	0.00780355	0.00162013	0.000155257	0.000115966	0.000491418	7.71765e-15	
0.0214954	0.0212954	0.0203363	0.0177099	0.013457	0.00268857	0.000195421	0.000379886	0.00144858	2.87954e-14	
0.0312226	0.0308145	0.029094	0.0249098	0.018576	0.00352827	0.000174744	0.000935254	0.00332865	8.97388e-14	
0.0367859	0.0361789	0.0338181	0.0285532	0.0209958	0.00378616	0.000118228	0.00177074	0.00606861	2.32404e-13	
0.0374476	0.0367135	0.0340084	0.0283537	0.0205639	0.00350286	7.55297e-05	0.00265614	0.00874124	3.54623e-13	
0.0348346	0.0340558	0.0313029	0.0258383	0.018554	0.00296669	7.31002e-05	0.00361266	0.0110364	2.93089e-13	
0.0310453	0.0302704	0.0276196	0.022576	0.0160224	0.00232965	0.000134415	0.00478224	0.0125807	1.75642e-13	
0.0276635	0.0269077	0.0243873	0.0197519	0.0138477	0.00181965	0.000243586	0.00587025	0.012912	1.15956e-13	
0.025135	0.0244004	0.0220012	0.0177077	0.0123194	0.00145967	0.000400016	0.00711703	0.0122841	7.89311e-14	
0.0231419	0.0224229	0.020115	0.0160785	0.0110666	0.00114231	0.000631774	0.00860589	0.0114666	5.96547e-14	
0.0212916	0.020597	0.0183996	0.0146267	0.00996963	0.00085855	0.000973591	0.0103171	0.0101689	4.53603e-14	
0.0192762	0.0186182	0.0165621	0.0130861	0.0088101	0.000607528	0.0013647	0.0116919	0.00892457	3.6708e-14	
0.0170167	0.0164157	0.0145562	0.0114497	0.00762713	0.000401138	0.00178103	0.0123652	0.00746291	2.88728e-14	
 0.01463	0.0140943	0.0124507	0.00973348	0.00638429	0.000235445	0.00216183	0.0124236	0.00626348	2.3539e-14	
0.012356	0.0118928	0.0104811	0.00816328	0.0052925	0.00012747	0.00246277	0.0115821	0.00504988	1.87288e-14	
0.0103629	0.00996489	0.00875906	0.00679208	0.00434513	6.42246e-05	0.00263259	0.0105229	0.00415058	1.51779e-14	
0.00866231	0.00832422	0.00730453	0.0056478	0.00357167	2.92178e-05	0.00276744	0.0092533	0.00336724	1.23512e-14	
0.00721795	0.00693074	0.00606805	0.00467153	0.00290779	1.5073e-05	0.00285674	0.00813737	0.00277738	1.01391e-14	
0.00602397	0.00578137	0.0050547	0.00387978	0.00238005	1.72422e-05	0.00289128	0.00694922	0.00227473	8.34126e-15	
0.00499967	0.00479601	0.00418725	0.00320293	0.00193017	3.26218e-05	0.00290091	0.00588955	0.00186629	6.88807e-15	
0.00410847	0.00393878	0.00343253	0.00261393	0.00154174	5.63215e-05	0.00284348	0.00498306	0.00153607	5.66292e-15	
0.00334562	0.00320569	0.00278878	0.00211407	0.00121795	8.38255e-05	0.00271274	0.00415504	0.00125715	4.6607e-15	
0.00267475	0.00256166	0.00222498	0.0016791	0.000943011	0.000110636	0.00249679	0.00338103	0.00101232	3.76316e-15	
0.00212621	0.00203547	0.00176541	0.00132625	0.000724059	0.000136083	0.0022515	0.00272373	0.000812485	3.04088e-15	
0.00170296	0.00162962	0.00141136	0.00105526	0.000558628	0.000158173	0.00201497	0.00221275	0.00065963	2.48188e-15	
0.00136991	0.00131047	0.0011335	0.000843742	0.000432807	0.000173934	0.00177703	0.0018016	0.000538812	2.03304e-15	
0.00110804	0.0010595	0.000914973	0.000677577	0.000335544	0.000185982	0.00157039	0.00148548	0.000444495	1.68859e-15	
0.000896474	0.000856917	0.000739034	0.000544629	0.000259862	0.000193241	0.00136483	0.00121911	0.000367116	1.40259e-15	
0.000724556	0.000692341	0.000596261	0.000437187	0.000200418	0.000195689	0.00117754	0.00100199	0.000303583	1.16761e-15	
0.000597269	0.000570548	0.000490786	0.000358202	0.000157818	0.000195952	0.00102415	0.000838441	0.000255961	9.84386e-16	
0.000470086	0.000448952	0.000385799	0.000280371	0.000118529	0.000184593	0.000845281	0.00066948	0.000206175	7.99806e-16	
0.000349161	0.000333393	0.00028622	0.000207119	8.37971e-05	0.000162272	0.000656297	0.000505093	0.000156931	6.12324e-16	
0.000276288	0.000263755	0.000226211	0.000162981	6.29198e-05	0.000150168	0.00054097	0.000406612	0.000127501	5.0045e-16	
0.000238495	0.000227628	0.000195031	0.000139872	5.12144e-05	0.000151956	0.000487554	0.000358141	0.000113313	4.46821e-16	
0.000198578	0.000189508	0.000162256	0.000115909	4.02666e-05	0.000145574	0.000419574	0.000303602	9.72513e-05	3.86296e-16	
0.000160215	0.000152878	0.000130809	9.31357e-05	3.09228e-05	0.000131255	0.000348479	0.000249282	8.05574e-05	3.21741e-16	
0.000129818	0.000123864	0.000105928	7.51911e-05	2.38374e-05	0.000118075	0.000289599	0.000205593	6.71654e-05	2.69996e-16	
0.000105211	0.000100375	8.57934e-05	6.07084e-05	1.83003e-05	0.000107366	0.000242751	0.000170314	5.6088e-05	2.2736e-16	
8.40912e-05	8.0228e-05	6.85577e-05	4.83946e-05	1.39359e-05	9.39628e-05	0.000197668	0.000138812	4.64478e-05	1.89232e-16	
6.61142e-05	6.30734e-05	5.38788e-05	3.79483e-05	1.04992e-05	8.08258e-05	0.000159847	0.000111585	3.76425e-05	1.54897e-16	
5.86176e-05	5.59245e-05	4.77705e-05	3.35962e-05	8.98566e-06	7.72117e-05	0.000144358	0.000101047	3.45817e-05	1.43171e-16	
4.88784e-05	4.66375e-05	3.98453e-05	2.80038e-05	7.30251e-06	6.93178e-05	0.000122929	8.60625e-05	2.98071e-05	1.24194e-16	
4.2107e-05	4.01823e-05	3.43429e-05	2.41384e-05	6.19922e-06	6.40553e-05	0.000108262	7.5695e-05	2.64745e-05	1.11058e-16	
