       0	       0	       0	       0	       0	       0	       0	       0	       0	       0	
       0	       0	       0	       0	       0	       0	       0	       0	       0	       0	
       0	       0	       0	       0	       0	       0	       0	       0	       0	       0	
       0	       0	       0	       0	       0	       0	       0	       0	       0	       0	
       0	       0	       0	       0	       0	       0	       0	       0	       0	       0	
       0	       0	       0	       0	       0	       0	       0	       0	       0	       0	
       0	       0	       0	       0	       0	       0	       0	       0	       0	       0	
       0	       0	       0	       0	       0	       0	       0	       0	       0	       0	
       0	       0	       0	       0	       0	       0	       0	       0	       0	       0	
       0	       0	       0	       0	       0	       0	       0	       0	       0	       0	
       0	       0	       0	       0	       0	       0	       0	       0	       0	       0	
       0	       0	       0	       0	       0	       0	       0	       0	       0	       0	
1.58808e-05	1.58769e-05	1.57971e-05	1.54138e-05	1.43202e-05	1.20688e-05	8.60068e-06	4.62359e-06	1.35403e-06	5.54516e-18	
6.5653e-05	6.55469e-05	6.49222e-05	6.27966e-05	5.75398e-05	4.76115e-05	3.32612e-05	1.75682e-05	5.07359e-06	2.04573e-17	
0.000152868	0.000152382	0.000150171	0.000143912	0.000130041	0.000105752	7.25927e-05	3.77885e-05	1.07929e-05	4.31035e-17	
0.000327452	0.000325904	0.000319597	0.00030358	0.000270835	0.000216924	0.000146744	7.55075e-05	2.13801e-05	8.48976e-17	
0.000707696	0.000703154	0.000685924	0.000645672	0.000568944	0.000449468	0.000300347	0.000153163	4.30926e-05	1.7018e-16	
0.00163831	0.00162509	0.00157724	0.00147213	0.00128277	0.00100144	0.000662504	0.000335497	9.39376e-05	3.6946e-16	
0.00364376	0.00360861	0.0034856	0.00322785	0.00278471	0.00215197	0.00141201	0.000711188	0.000198397	7.75329e-16	
0.00682729	0.00675085	0.0064905	0.00596657	0.00510186	0.00390934	0.00254919	0.00127941	0.000356151	1.39198e-15	
0.0102218	0.010093	0.00966358	0.00882674	0.00749111	0.00570115	0.00370039	0.00185289	0.000515146	2.0018e-15	
0.0123544	0.0121822	0.0116184	0.0105505	0.00889637	0.0067343	0.00435747	0.00217993	0.000606036	2.35606e-15	
0.0129111	0.012716	0.012086	0.0109199	0.00915721	0.00690044	0.00445349	0.00222623	0.000618816	2.39897e-15	
0.0122785	0.0120795	0.0114454	0.0102956	0.00859505	0.00645604	0.00416176	0.00208151	0.000579178	2.25287e-15	
0.0112514	0.0110587	0.010451	0.00936774	0.00779385	0.00584211	0.00376541	0.00188583	0.000525614	2.04253e-15	
0.0103163	0.0101313	0.00955312	0.00853666	0.00708169	0.00529883	0.00341462	0.00171195	0.000477758	1.84823e-15	
0.00956917	0.00939081	0.00883759	0.00787743	0.00652106	0.00487545	0.00314446	0.00157976	0.00044186	1.71772e-15	
0.00904221	0.00886832	0.00833247	0.00741217	0.00612617	0.00457843	0.00295608	0.00148829	0.000417201	1.62183e-15	
0.00851893	0.00835108	0.00783682	0.00696165	0.00574977	0.00429997	0.00278241	0.00140544	0.000395308	1.54612e-15	
0.00792327	0.00776398	0.0072783	0.00645811	0.00533103	0.00398945	0.00258666	0.0013104	0.000369673	1.44954e-15	
0.00715132	0.00700538	0.00656229	0.00581898	0.00480392	0.00359993	0.00234051	0.00119008	0.000336999	1.31737e-15	
0.00633452	0.00620364	0.00580764	0.00514693	0.00424938	0.00318797	0.00207739	0.00105952	0.000300947	1.18175e-15	
0.00546464	0.00535089	0.00500774	0.00443783	0.00366669	0.00275614	0.00180165	0.000922546	0.000263115	1.03742e-15	
0.00468927	0.00459086	0.00429483	0.00380519	0.00314517	0.00236727	0.00155103	0.000796602	0.00022789	8.98463e-16	
0.00398485	0.00390086	0.00364877	0.00323329	0.00267486	0.00201718	0.00132565	0.000683431	0.000196289	7.77169e-16	
0.00339608	0.00332423	0.00310901	0.00275535	0.00228122	0.00172322	0.00113543	0.000587293	0.000169251	6.72623e-16	
0.00288497	0.00282398	0.00264159	0.00234253	0.00194215	0.00147064	0.000972335	0.000505048	0.000146195	5.82934e-16	
0.00244023	0.00238881	0.00223521	0.00198378	0.00164743	0.00125083	0.000830105	0.000433136	0.000125987	5.04302e-16	
0.00205042	0.00200731	0.00187872	0.00166854	0.0013876	0.00105603	0.000703133	0.000368367	0.00010761	4.33595e-16	
0.00170726	0.00167151	0.00156494	0.00139097	0.00115853	0.000883842	0.000590468	0.000310615	9.11415e-05	3.67988e-16	
0.00139476	0.00136571	0.00127919	0.00113808	0.000949528	0.000726299	0.000486949	0.000257273	7.58471e-05	3.06999e-16	
0.00113221	0.00110881	0.00103915	0.000925571	0.000773723	0.000593532	0.000399466	0.000212041	6.28348e-05	2.55933e-16	
0.000926169	0.000907181	0.000850677	0.00075857	0.000635336	0.00048875	0.000330179	0.000176064	5.24396e-05	2.14952e-16	
0.000759502	0.000744061	0.000698126	0.000623253	0.00052299	0.000403433	0.000273537	0.000146511	4.38559e-05	1.80347e-16	
0.000628162	0.000615487	0.000577789	0.000516348	0.000434012	0.000335621	0.000228305	0.000122776	3.69182e-05	1.52727e-16	
0.00051875	0.000508383	0.000477551	0.000427284	0.000359838	0.000279019	0.000190475	0.000102875	3.10864e-05	1.29242e-16	
0.00042832	0.000419842	0.000394627	0.000353503	0.000298252	0.000231867	0.000158822	8.61336e-05	2.61508e-05	1.09426e-16	
0.000359797	0.000352741	0.000331756	0.000297515	0.000251452	0.000195963	0.000134657	7.33134e-05	2.23592e-05	9.35647e-17	
0.000287964	0.000282371	0.000265735	0.000238578	0.000201995	0.000157808	0.000108786	5.94619e-05	1.82189e-05	7.67476e-17	
0.000217427	0.000213245	0.000200805	0.000180488	0.000153079	0.000119884	8.2905e-05	4.54932e-05	1.40038e-05	5.92055e-17	
0.000175049	0.000171718	0.000161804	0.000145601	0.000123707	9.71166e-05	6.73699e-05	3.71108e-05	1.14759e-05	4.87731e-17	
0.000153891	0.000150995	0.000142375	0.000128274	0.000109188	8.59359e-05	5.98094e-05	3.30801e-05	1.02796e-05	4.40784e-17	
0.000130071	0.000127653	0.000120454	0.000108665	9.26748e-05	7.31301e-05	5.10663e-05	2.83602e-05	8.85685e-06	3.81467e-17	
0.000106502	0.00010454	9.86984e-05	8.91256e-05	7.61222e-05	6.01887e-05	4.21368e-05	2.3475e-05	7.35941e-06	3.1798e-17	
8.74927e-05	8.58981e-05	8.11474e-05	7.33552e-05	6.27515e-05	4.97216e-05	3.49017e-05	1.95075e-05	6.13994e-06	2.66628e-17	
7.20965e-05	7.07961e-05	6.69204e-05	6.05576e-05	5.18846e-05	4.11978e-05	2.89967e-05	1.62617e-05	5.13982e-06	2.2475e-17	
5.83344e-05	5.72963e-05	5.42001e-05	4.91096e-05	4.2153e-05	3.35498e-05	2.36813e-05	1.33259e-05	4.22936e-06	1.8509e-17	
4.66356e-05	4.58137e-05	4.33617e-05	3.93263e-05	3.3802e-05	2.69519e-05	1.9067e-05	1.07588e-05	3.42617e-06	1.51567e-17	
4.18647e-05	4.1136e-05	3.89602e-05	3.53742e-05	3.04535e-05	2.4331e-05	1.72543e-05	9.76307e-06	3.11962e-06	1.3823e-17	
3.53251e-05	3.47168e-05	3.28998e-05	2.99014e-05	2.57785e-05	2.06335e-05	1.46644e-05	8.31933e-06	2.66693e-06	1.18533e-17	
3.07917e-05	3.02666e-05	2.86972e-05	2.61047e-05	2.25335e-05	1.80653e-05	1.28645e-05	7.31561e-06	2.35219e-06	1.05001e-17	
